Domain0
content:UA-3515-IAD-MSP,9:56 a.m.
TupleID:2025,2026,2027,2028,2029,2030,2031,2032,2033,2034,2035,2036,2037,2038,2039,2040,2041,2042,2043,2044
content:CO-1614-LAX-IAH,5:26 a.m.
TupleID:1452,1453,1454,1455,1456,1457,1458,1459,1460,1461,1462,1463,1464,1465,1466,1467,1468,1469,1470,1471,1472,1473
content:AA-204-LAX-MCO,6:55 a.m.
TupleID:296,297,298,299,300,301,302,303,304,305,306,307,308,309,310,311,312,313,314,315,316,317,318,319,320
content:AA-271-MIA-LAX,2:27 p.m.
TupleID:452,453,454,455,456,457,458,459,460,461,462,463,464,465,466,467,468,469,470,471,472,473,474,475,476
content:UA-2708-EWR-CLT,4:44 p.m.
TupleID:1842,1843,1844,1845,1846,1847,1848,1849,1850,1851,1852,1853,1854,1855,1856,1857,1858,1859,1860,1861
content:UA-664-ORD-PHL,4:23 p.m.
TupleID:2241,2242,2243,2244,2245,2246,2247,2248,2249,2250,2251,2252,2253,2254,2255,2256,2257,2258,2259,2260,2261,2262,2263,2264,2265,2266,2267,2268,2269
content:CO-1088-CLE-IAH,10:56 a.m.
TupleID:1298,1299,1300,1301,1302,1303,1304,1305,1306,1307,1308,1309,1310,1311,1312,1313,1314,1315,1316,1317
content:UA-233-LAX-JFK,12:29 a.m.
TupleID:1726,1727,1728,1729,1730,1731,1732,1733,1734,1735,1736,1737,1738,1739,1740,1741,1742,1743,1744,1745,1746,1747,1748,1749,1750,1751,1752
content:AA-59-JFK-SFO,11:12 a.m.
TupleID:1119,1120,1121,1122,1123,1124,1125,1126,1127,1128,1129,1130,1131,1132,1133,1134,1135,1136,1137,1138,1139,1140,1141,1142,1143,1144,1145,1146,1147
content:UA-3099-PHX-PHL,5:38 p.m.
TupleID:1979,1980,1981,1982,1983,1984,1985,1986,1987,1988,1989,1990,1991,1992,1993,1994,1995,1996,1997,1998,1999,2000,2001
content:UA-6273-YYC-SFO,8:45 a.m.
TupleID:2220,2221,2222,2223,2224,2225,2226,2227,2228,2229,2230,2231,2232,2233,2234,2235,2236,2237,2238,2239,2240
content:CO-52-IAH-LAX,9:14 a.m.
TupleID:1586,1587,1588,1589,1590,1591,1592,1593,1594,1595,1596,1597,1598,1599,1600,1601,1602,1603,1604,1605
content:UA-2726-FLL-PHL,6:28 p.m.
TupleID:1862,1863,1864,1865,1866,1867,1868,1869,1870,1871,1872,1873,1874,1875,1876,1877,1878,1879,1880,1881,1882,1883,1884
content:AA-1544-SAN-ORD,4:56 p.m.
TupleID:149,150,151,152,153,154,155,156,157,158,159,160,161,162,163,164,165,166,167,168,169,170
content:CO-89-IAH-EWR,10:27 a.m.
TupleID:1668,1669,1670,1671,1672,1673,1674,1675,1676,1677,1678,1679,1680,1681,1682,1683,1684,1685,1686,1687
content:AA-3859-IAH-ORD,9:32 a.m.
TupleID:739,740,741,742,743,744,745,746,747,748,749,750,751,752,753,754,755,756,757,758,759,760,761,762,763,764,765
content:UA-938-DEN-ORD,7:36 p.m.
TupleID:2354,2355,2356,2357,2358,2359,2360,2361,2362,2363,2364,2365,2366,2367,2368,2369,2370,2371,2372,2373,2374,2375,2376
content:AA-518-MIA-JFK,9:28 a.m.
TupleID:1096,1097,1098,1099,1100,1101,1102,1103,1104,1105,1106,1107,1108,1109,1110,1111,1112,1113,1114,1115,1116,1117,1118
content:AA-2312-DFW-DTW,11:50 p.m.
TupleID:399,400,401,402,403,404,405,406,407,408,409,410,411,412,413,414,415,416,417,418,419,420,421,422,423,424,425
content:AA-4330-CVG-ORD,3:33 p.m.
TupleID:971,972,973,974,975,976,977,978,979,980,981,982,983,984,985,986,987,988,989,990,991,992,993
content:CO-47-IAH-LAX,9:52 p.m.
TupleID:1522,1523,1524,1525,1526,1527,1528,1529,1530,1531,1532,1533,1534,1535,1536,1537,1538,1539,1540,1541,1542
content:CO-1561-PHX-IAH,11:32 a.m.
TupleID:1387,1388,1389,1390,1391,1392,1393,1394,1395,1396,1397,1398,1399,1400,1401,1402,1403,1404,1405,1406,1407
content:AA-2050-ORD-MIA,2:46 p.m.
TupleID:321,322,323,324,325,326,327,328,329,330,331,332,333,334,335,336,337,338,339,340,341,342,343,344,345,346,347,348
content:UA-858-PVG-SFO,8:02 a.m.
TupleID:2336,2337,2338,2339,2340,2341,2342,2343,2344,2345,2346,2347,2348,2349,2350,2351,2352,2353
content:AA-431-MIA-SFO,11:44 a.m.
TupleID:944,945,946,947,948,949,950,951,952,953,954,955,956,957,958,959,960,961,962,963,964,965,966,967,968,969,970
content:UA-2515-DFW-CLT,10:47 a.m.
TupleID:1773,1774,1775,1776,1777,1778,1779,1780,1781,1782,1783,1784,1785,1786,1787,1788,1789,1790,1791,1792,1793
content:AA-3809-PHX-LAX,6:19 a.m.
TupleID:659,660,661,662,663,664,665,666,667,668,669,670,671,672,673,674,675,676,677,678,679,680,681,682,683,684,685
content:UA-62-IAH-EWR,7:10 p.m.
TupleID:2200,2201,2202,2203,2204,2205,2206,2207,2208,2209,2210,2211,2212,2213,2214,2215,2216,2217,2218,2219
content:UA-2906-PHL-MCO,6:38 p.m.
TupleID:1906,1907,1908,1909,1910,1911,1912,1913,1914,1915,1916,1917,1918,1919,1920,1921,1922,1923,1924,1925,1926,1927,1928,1929
content:CO-1250-MIA-IAH,4:59 p.m.
TupleID:1365,1366,1367,1368,1369,1370,1371,1372,1373,1374,1375,1376,1377,1378,1379,1380,1381,1382,1383,1384,1385,1386
content:UA-37-EWR-MCO,4:17 p.m.
TupleID:2065,2066,2067,2068,2069,2070,2071,2072,2073,2074,2075,2076,2077,2078,2079,2080,2081,2082,2083,2084,2085
content:UA-2830-MCO-CLT,5:17 p.m.
TupleID:1885,1886,1887,1888,1889,1890,1891,1892,1893,1894,1895,1896,1897,1898,1899,1900,1901,1902,1903,1904,1905
content:UA-828-SFO-ORD,5:11 a.m.
TupleID:2270,2271,2272,2273,2274,2275,2276,2277,2278,2279,2280,2281,2282,2283,2284,2285,2286,2287,2288,2289,2290,2291,2292,2293
content:AA-3756-ORD-SLC,2:50 p.m.
TupleID:578,579,580,581,582,583,584,585,586,587,588,589,590,591,592,593,594,595,596,597,598,599,600,601,602,603
content:UA-382-IAD-LAX,3:21 p.m.
TupleID:2086,2087,2088,2089,2090,2091,2092,2093,2094,2095,2096,2097,2098,2099,2100,2101,2102,2103,2104,2105,2106,2107,2108,2109
content:UA-5487-SFO-MRY,11:21 a.m.
TupleID:2182,2183,2184,2185,2186,2187,2188,2189,2190,2191,2192,2193,2194,2195,2196,2197,2198,2199
content:AA-3468-CVG-MIA,9:45 a.m.
TupleID:551,552,553,554,555,556,557,558,559,560,561,562,563,564,565,566,567,568,569,570,571,572,573,574,575,576,577
content:AA-4344-ORD-DTW,2:10 p.m.
TupleID:994,995,996,997,998,999,1000,1001,1002,1003,1004,1005,1006,1007,1008,1009,1010,1011,1012,1013,1014,1015,1016
content:AA-1434-DFW-MCO,10:36 a.m.
TupleID:100,101,102,103,104,105,106,107,108,109,110,111,112,113,114,115,116,117,118,119,120,121,122,123,124,125
content:AA-1886-BOS-MIA,1:40 p.m.
TupleID:252,253,254,255,256,257,258,259,260,261,262,263,264,265,266,267,268,269,270
content:AA-2525-DFW-MIA,11:06 a.m.
TupleID:426,427,428,429,430,431,432,433,434,435,436,437,438,439,440,441,442,443,444,445,446,447,448,449,450,451
content:CO-1193-EWR-MCO,12:09 p.m.
TupleID:1339,1340,1341,1342,1343,1344,1345,1346,1347,1348,1349,1350,1351,1352,1353,1354,1355,1356,1357,1358,1359,1360,1361,1362,1363,1364
content:AA-466-IAH-MIA,9:05 a.m.
TupleID:1043,1044,1045,1046,1047,1048,1049,1050,1051,1052,1053,1054,1055,1056,1057,1058,1059,1060,1061,1062,1063,1064,1065,1066,1067,1068,1069
content:UA-2945-PHL-CLT,1:15 p.m.
TupleID:1930,1931,1932,1933,1934,1935,1936,1937,1938,1939,1940,1941,1942,1943,1944,1945,1946,1947,1948,1949,1950,1951,1952,1953
content:UA-257-JFK-SFO,5:42 p.m.
TupleID:1794,1795,1796,1797,1798,1799,1800,1801,1802,1803,1804,1805,1806,1807,1808,1809,1810,1811,1812,1813,1814,1815,1816,1817,1818,1819,1820
content:AA-616-DFW-DTW,1:27 p.m.
TupleID:1148,1149,1150,1151,1152,1153,1154,1155,1156,1157,1158,1159,1160,1161,1162,1163,1164,1165,1166,1167,1168,1169,1170,1171,1172,1173
content:UA-3050-PHX-CLT,5:05 p.m.
TupleID:1954,1955,1956,1957,1958,1959,1960,1961,1962,1963,1964,1965,1966,1967,1968,1969,1970,1971,1972,1973,1974,1975,1976,1977,1978
content:CO-16-LAX-EWR,6:34 p.m.
TupleID:1431,1432,1433,1434,1435,1436,1437,1438,1439,1440,1441,1442,1443,1444,1445,1446,1447,1448,1449,1450,1451
content:CO-45-EWR-MIA,6:36 p.m.
TupleID:1500,1501,1502,1503,1504,1505,1506,1507,1508,1509,1510,1511,1512,1513,1514,1515,1516,1517,1518,1519,1520,1521
content:UA-248-PHX-ORD,5:34 p.m.
TupleID:1753,1754,1755,1756,1757,1758,1759,1760,1761,1762,1763,1764,1765,1766,1767,1768,1769,1770,1771,1772
content:UA-37-EDI-EWR,12:09 p.m.
TupleID:2045,2046,2047,2048,2049,2050,2051,2052,2053,2054,2055,2056,2057,2058,2059,2060,2061,2062,2063,2064
content:AA-3804-PHL-ORD,3:43 p.m.
TupleID:632,633,634,635,636,637,638,639,640,641,642,643,644,645,646,647,648,649,650,651,652,653,654,655,656,657,658
content:CO-58-DEN-IAH,3:31 p.m.
TupleID:1606,1607,1608,1609,1610,1611,1612,1613,1614,1615,1616,1617,1618,1619,1620,1621,1622,1623,1624,1625
content:AA-3786-IAH-ORD,6:15 p.m.
TupleID:604,605,606,607,608,609,610,611,612,613,614,615,616,617,618,619,620,621,622,623,624,625,626,627,628,629,630,631
content:AA-85-JFK-SFO,6:43 p.m.
TupleID:1250,1251,1252,1253,1254,1255,1256,1257,1258,1259,1260,1261,1262,1263,1264,1265,1266,1267,1268,1269,1270,1271,1272,1273,1274,1275
content:CO-1586-IAH-MCO,10:29 p.m.
TupleID:1408,1409,1410,1411,1412,1413,1414,1415,1416,1417,1418,1419,1420,1421,1422,1423,1424,1425,1426,1427,1428,1429,1430
content:UA-414-LAX-SFO,7:17 a.m.
TupleID:2159,2160,2161,2162,2163,2164,2165,2166,2167,2168,2169,2170,2171,2172,2173,2174,2175,2176,2177,2178,2179,2180,2181
content:AA-1221-MCO-ORD,9:53 p.m.
TupleID:47,48,49,50,51,52,53,54,55,56,57,58,59,60,61,62,63,64,65,66,67,68,69,70,71,72,73,74
content:CO-1023-IAH-DEN,1:14 p.m.
TupleID:1276,1277,1278,1279,1280,1281,1282,1283,1284,1285,1286,1287,1288,1289,1290,1291,1292,1293,1294,1295,1296,1297
content:UA-2704-DTW-PHX,2:00 p.m.
TupleID:1821,1822,1823,1824,1825,1826,1827,1828,1829,1830,1831,1832,1833,1834,1835,1836,1837,1838,1839,1840,1841
content:AA-4198-ORD-CLE,12:50 p.m.
TupleID:865,866,867,868,869,870,871,872,873,874,875,876,877,878,879,880,881,882,883,884,885,886,887,888,889
content:CO-63-EWR-IAH,8:03 p.m.
TupleID:1647,1648,1649,1650,1651,1652,1653,1654,1655,1656,1657,1658,1659,1660,1661,1662,1663,1664,1665,1666,1667
content:AA-415-BOS-ORD,10:16 a.m.
TupleID:843,844,845,846,847,848,849,850,851,852,853,854,855,856,857,858,859,860,861,862,863,864
content:CO-50-CLE-EWR,5:26 p.m.
TupleID:1565,1566,1567,1568,1569,1570,1571,1572,1573,1574,1575,1576,1577,1578,1579,1580,1581,1582,1583,1584,1585
content:UA-3925-IAD-ORF,9:43 a.m.
TupleID:2110,2111,2112,2113,2114,2115,2116,2117,2118,2119,2120,2121,2122,2123,2124,2125,2126,2127,2128,2129,2130,2131,2132,2133,2134,2135,2136
content:AA-222-LAX-BOS,3:14 p.m.
TupleID:349,350,351,352,353,354,355,356,357,358,359,360,361,362,363,364,365,366,367,368,369,370,371,372
content:AA-2268-PHX-ORD,11:06 a.m.
TupleID:373,374,375,376,377,378,379,380,381,382,383,384,385,386,387,388,389,390,391,392,393,394,395,396,397,398
content:AA-1007-MIA-PHX,7:55 p.m.
TupleID:1,2,3,4,5,6,7,8,9,10,11,12,13,14,15,16,17,18,19,20,21
content:UA-397-JFK-SFO,11:58 a.m.
TupleID:2137,2138,2139,2140,2141,2142,2143,2144,2145,2146,2147,2148,2149,2150,2151,2152,2153,2154,2155,2156,2157,2158
content:CO-1090-BOS-IAH,1:19 p.m.
TupleID:1318,1319,1320,1321,1322,1323,1324,1325,1326,1327,1328,1329,1330,1331,1332,1333,1334,1335,1336,1337,1338
content:UA-1500-IAH-GUA,11:56 a.m.
TupleID:1688,1689,1690,1691,1692,1693,1694,1695,1696,1697,1698,1699,1700,1701,1702,1703,1704
content:AA-3-JFK-LAX,3:16 p.m.
TupleID:502,503,504,505,506,507,508,509,510,511,512,513,514,515,516,517,518,519,520,521,522,523,524,525,526
content:AA-1917-JFK-MCO,5:43 p.m.
TupleID:271,272,273,274,275,276,277,278,279,280,281,282,283,284,285,286,287,288,289,290,291,292,293,294,295
content:AA-2957-DFW-CVG,11:01 a.m.
TupleID:477,478,479,480,481,482,483,484,485,486,487,488,489,490,491,492,493,494,495,496,497,498,499,500,501
content:AA-3979-CVG-ORD,8:06 a.m.
TupleID:766,767,768,769,770,771,772,773,774,775,776,777,778,779,780,781,782,783,784,785,786,787,788,789,790,791
content:UA-3373-IAD-PHL,9:13 a.m.
TupleID:2002,2003,2004,2005,2006,2007,2008,2009,2010,2011,2012,2013,2014,2015,2016,2017,2018,2019,2020,2021,2022,2023,2024
content:AA-4277-CVG-JFK,1:43 p.m.
TupleID:890,891,892,893,894,895,896,897,898,899,900,901,902,903,904,905,906,907,908,909,910,911,912,913,914,915
content:AA-1522-SFO-ORD,5:50 a.m.
TupleID:126,127,128,129,130,131,132,133,134,135,136,137,138,139,140,141,142,143,144,145,146,147,148
content:AA-1733-ORD-PHX,10:30 p.m.
TupleID:225,226,227,228,229,230,231,232,233,234,235,236,237,238,239,240,241,242,243,244,245,246,247,248,249,250,251
content:AA-1165-JFK-MIA,10:04 a.m.
TupleID:22,23,24,25,26,27,28,29,30,31,32,33,34,35,36,37,38,39,40,41,42,43,44,45,46
content:AA-4307-ORD-DTW,8:53 p.m.
TupleID:916,917,918,919,920,921,922,923,924,925,926,927,928,929,930,931,932,933,934,935,936,937,938,939,940,941,942,943
content:UA-843-LAX-ORD,7:58 p.m.
TupleID:2294,2295,2296,2297,2298,2299,2300,2301,2302,2303,2304,2305,2306,2307,2308,2309,2310,2311,2312,2313,2314
content:AA-1279-DFW-PHX,3:30 p.m.
TupleID:75,76,77,78,79,80,81,82,83,84,85,86,87,88,89,90,91,92,93,94,95,96,97,98,99
content:UA-854-SFO-IAH,1:30 p.m.
TupleID:2315,2316,2317,2318,2319,2320,2321,2322,2323,2324,2325,2326,2327,2328,2329,2330,2331,2332,2333,2334,2335
content:AA-484-DFW-MIA,7:39 p.m.
TupleID:1070,1071,1072,1073,1074,1075,1076,1077,1078,1079,1080,1081,1082,1083,1084,1085,1086,1087,1088,1089,1090,1091,1092,1093,1094,1095
content:AA-649-ORD-SNA,3:50 p.m.
TupleID:1200,1201,1202,1203,1204,1205,1206,1207,1208,1209,1210,1211,1212,1213,1214,1215,1216,1217,1218,1219,1220,1221
content:CO-62-IAH-EWR,7:10 p.m.
TupleID:1626,1627,1628,1629,1630,1631,1632,1633,1634,1635,1636,1637,1638,1639,1640,1641,1642,1643,1644,1645,1646
content:AA-1640-MIA-MCO,7:25 p.m.
TupleID:171,172,173,174,175,176,177,178,179,180,181,182,183,184,185,186,187,188,189,190,191,192,193,194,195,196,197,198
content:AA-404-MIA-MCO,7:40 a.m.
TupleID:816,817,818,819,820,821,822,823,824,825,826,827,828,829,830,831,832,833,834,835,836,837,838,839,840,841,842
content:AA-3823-LAX-DEN,12:15 a.m.
TupleID:686,687,688,689,690,691,692,693,694,695,696,697,698,699,700,701,702,703,704,705,706,707,708,709,710,711
content:AA-1664-MIA-ATL,11:56 a.m.
TupleID:199,200,201,202,203,204,205,206,207,208,209,210,211,212,213,214,215,216,217,218,219,220,221,222,223,224
content:AA-3842-MSP-ORD,7:51 a.m.
TupleID:712,713,714,715,716,717,718,719,720,721,722,723,724,725,726,727,728,729,730,731,732,733,734,735,736,737,738
content:CO-4888-IAH-DAL,6:40 p.m.
TupleID:1543,1544,1545,1546,1547,1548,1549,1550,1551,1552,1553,1554,1555,1556,1557,1558,1559,1560,1561,1562,1563,1564
content:AA-446-DFW-PHL,4:09 p.m.
TupleID:1017,1018,1019,1020,1021,1022,1023,1024,1025,1026,1027,1028,1029,1030,1031,1032,1033,1034,1035,1036,1037,1038,1039,1040,1041,1042
content:CO-1694-LAX-IAH,12:21 a.m.
TupleID:1474,1475,1476,1477,1478,1479,1480,1481,1482,1483,1484,1485,1486,1487,1488,1489,1490,1491,1492,1493,1494,1495,1496,1497,1498,1499
content:UA-2314-ATL-PHL,4:47 p.m.
TupleID:1705,1706,1707,1708,1709,1710,1711,1712,1713,1714,1715,1716,1717,1718,1719,1720,1721,1722,1723,1724,1725
content:AA-3063-SLC-LAX,9:20 p.m.
TupleID:527,528,529,530,531,532,533,534,535,536,537,538,539,540,541,542,543,544,545,546,547,548,549,550
content:AA-400-DFW-JFK,3:04 p.m.
TupleID:792,793,794,795,796,797,798,799,800,801,802,803,804,805,806,807,808,809,810,811,812,813,814,815
content:AA-643-MIA-ORD,9:31 a.m.
TupleID:1174,1175,1176,1177,1178,1179,1180,1181,1182,1183,1184,1185,1186,1187,1188,1189,1190,1191,1192,1193,1194,1195,1196,1197,1198,1199
content:AA-789-ORD-DEN,3:13 p.m.
TupleID:1222,1223,1224,1225,1226,1227,1228,1229,1230,1231,1232,1233,1234,1235,1236,1237,1238,1239,1240,1241,1242,1243,1244,1245,1246,1247,1248,1249
Domain1
content:UA-3515-IAD-MSP,10:06 a.m.
TupleID:2025,2026,2027,2028,2029,2030,2031,2032,2033,2034,2035,2036,2037,2038,2039,2040,2041,2042,2043,2044
content:CO-1614-LAX-IAH,5:35 a.m.
TupleID:1452,1453,1454,1455,1456,1457,1458,1459,1460,1461,1462,1463,1464,1465,1466,1467,1468,1469,1470,1471,1472,1473
content:AA-204-LAX-MCO,6:55 a.m.
TupleID:296,297,298,299,300,301,302,303,304,305,306,307,308,309,310,311,312,313,314,315,316,317,318,319,320
content:AA-271-MIA-LAX,2:25 p.m.
TupleID:452,453,454,455,456,457,458,459,460,461,462,463,464,465,466,467,468,469,470,471,472,473,474,475,476
content:UA-2708-EWR-CLT,4:53 p.m.
TupleID:1842,1843,1844,1845,1846,1847,1848,1849,1850,1851,1852,1853,1854,1855,1856,1857,1858,1859,1860,1861
content:UA-664-ORD-PHL,4:31 p.m.
TupleID:2241,2242,2243,2244,2245,2246,2247,2248,2249,2250,2251,2252,2253,2254,2255,2256,2257,2258,2259,2260,2261,2262,2263,2264,2265,2266,2267,2268,2269
content:CO-1088-CLE-IAH,10:54 a.m.
TupleID:1298,1299,1300,1301,1302,1303,1304,1305,1306,1307,1308,1309,1310,1311,1312,1313,1314,1315,1316,1317
content:UA-233-LAX-JFK,12:29 a.m.
TupleID:1726,1727,1728,1729,1730,1731,1732,1733,1734,1735,1736,1737,1738,1739,1740,1741,1742,1743,1744,1745,1746,1747,1748,1749,1750,1751,1752
content:AA-59-JFK-SFO,10:45 a.m.
TupleID:1119,1120,1121,1122,1123,1124,1125,1126,1127,1128,1129,1130,1131,1132,1133,1134,1135,1136,1137,1138,1139,1140,1141,1142,1143,1144,1145,1146,1147
content:UA-3099-PHX-PHL,6:17 p.m.
TupleID:1979,1980,1981,1982,1983,1984,1985,1986,1987,1988,1989,1990,1991,1992,1993,1994,1995,1996,1997,1998,1999,2000,2001
content:UA-6273-YYC-SFO,9:43 a.m.
TupleID:2220,2221,2222,2223,2224,2225,2226,2227,2228,2229,2230,2231,2232,2233,2234,2235,2236,2237,2238,2239,2240
content:CO-52-IAH-LAX,9:21 a.m.
TupleID:1586,1587,1588,1589,1590,1591,1592,1593,1594,1595,1596,1597,1598,1599,1600,1601,1602,1603,1604,1605
content:UA-2726-FLL-PHL,6:46 p.m.
TupleID:1862,1863,1864,1865,1866,1867,1868,1869,1870,1871,1872,1873,1874,1875,1876,1877,1878,1879,1880,1881,1882,1883,1884
content:AA-1544-SAN-ORD,5:25 p.m.
TupleID:149,150,151,152,153,154,155,156,157,158,159,160,161,162,163,164,165,166,167,168,169,170
content:CO-89-IAH-EWR,10:20 a.m.
TupleID:1668,1669,1670,1671,1672,1673,1674,1675,1676,1677,1678,1679,1680,1681,1682,1683,1684,1685,1686,1687
content:AA-3859-IAH-ORD,9:40 a.m.
TupleID:739,740,741,742,743,744,745,746,747,748,749,750,751,752,753,754,755,756,757,758,759,760,761,762,763,764,765
content:UA-938-DEN-ORD,7:35 p.m.
TupleID:2354,2355,2356,2357,2358,2359,2360,2361,2362,2363,2364,2365,2366,2367,2368,2369,2370,2371,2372,2373,2374,2375,2376
content:AA-518-MIA-JFK,9:25 a.m.
TupleID:1096,1097,1098,1099,1100,1101,1102,1103,1104,1105,1106,1107,1108,1109,1110,1111,1112,1113,1114,1115,1116,1117,1118
content:AA-2312-DFW-DTW,11:50 p.m.
TupleID:399,400,401,402,403,404,405,406,407,408,409,410,411,412,413,414,415,416,417,418,419,420,421,422,423,424,425
content:AA-4330-CVG-ORD,4:00 p.m.
TupleID:971,972,973,974,975,976,977,978,979,980,981,982,983,984,985,986,987,988,989,990,991,992,993
content:CO-47-IAH-LAX,8:56 p.m.
TupleID:1522,1523,1524,1525,1526,1527,1528,1529,1530,1531,1532,1533,1534,1535,1536,1537,1538,1539,1540,1541,1542
content:CO-1561-PHX-IAH,11:35 a.m.
TupleID:1387,1388,1389,1390,1391,1392,1393,1394,1395,1396,1397,1398,1399,1400,1401,1402,1403,1404,1405,1406,1407
content:AA-2050-ORD-MIA,2:45 p.m.
TupleID:321,322,323,324,325,326,327,328,329,330,331,332,333,334,335,336,337,338,339,340,341,342,343,344,345,346,347,348
content:UA-858-PVG-SFO,8:27 a.m.
TupleID:2336,2337,2338,2339,2340,2341,2342,2343,2344,2345,2346,2347,2348,2349,2350,2351,2352,2353
content:AA-431-MIA-SFO,11:50 a.m.
TupleID:944,945,946,947,948,949,950,951,952,953,954,955,956,957,958,959,960,961,962,963,964,965,966,967,968,969,970
content:UA-2515-DFW-CLT,10:31 a.m.
TupleID:1773,1774,1775,1776,1777,1778,1779,1780,1781,1782,1783,1784,1785,1786,1787,1788,1789,1790,1791,1792,1793
content:AA-3809-PHX-LAX,6:40 a.m.
TupleID:659,660,661,662,663,664,665,666,667,668,669,670,671,672,673,674,675,676,677,678,679,680,681,682,683,684,685
content:UA-62-IAH-EWR,7:03 p.m.
TupleID:2200,2201,2202,2203,2204,2205,2206,2207,2208,2209,2210,2211,2212,2213,2214,2215,2216,2217,2218,2219
content:UA-2906-PHL-MCO,6:23 p.m.
TupleID:1906,1907,1908,1909,1910,1911,1912,1913,1914,1915,1916,1917,1918,1919,1920,1921,1922,1923,1924,1925,1926,1927,1928,1929
content:CO-1250-MIA-IAH,4:48 p.m.
TupleID:1365,1366,1367,1368,1369,1370,1371,1372,1373,1374,1375,1376,1377,1378,1379,1380,1381,1382,1383,1384,1385,1386
content:UA-37-EWR-MCO,4:17 p.m.
TupleID:2065,2066,2067,2068,2069,2070,2071,2072,2073,2074,2075,2076,2077,2078,2079,2080,2081,2082,2083,2084,2085
content:UA-2830-MCO-CLT,5:05 p.m.
TupleID:1885,1886,1887,1888,1889,1890,1891,1892,1893,1894,1895,1896,1897,1898,1899,1900,1901,1902,1903,1904,1905
content:UA-828-SFO-ORD,5:11 a.m.
TupleID:2270,2271,2272,2273,2274,2275,2276,2277,2278,2279,2280,2281,2282,2283,2284,2285,2286,2287,2288,2289,2290,2291,2292,2293
content:AA-3756-ORD-SLC,2:45 p.m.
TupleID:578,579,580,581,582,583,584,585,586,587,588,589,590,591,592,593,594,595,596,597,598,599,600,601,602,603
content:UA-382-IAD-LAX,3:19 p.m.
TupleID:2086,2087,2088,2089,2090,2091,2092,2093,2094,2095,2096,2097,2098,2099,2100,2101,2102,2103,2104,2105,2106,2107,2108,2109
content:UA-5487-SFO-MRY,11:19 a.m.
TupleID:2182,2183,2184,2185,2186,2187,2188,2189,2190,2191,2192,2193,2194,2195,2196,2197,2198,2199
content:AA-3468-CVG-MIA,9:55 a.m.
TupleID:551,552,553,554,555,556,557,558,559,560,561,562,563,564,565,566,567,568,569,570,571,572,573,574,575,576,577
content:AA-4344-ORD-DTW,2:00 p.m.
TupleID:994,995,996,997,998,999,1000,1001,1002,1003,1004,1005,1006,1007,1008,1009,1010,1011,1012,1013,1014,1015,1016
content:AA-1434-DFW-MCO,10:35 a.m.
TupleID:100,101,102,103,104,105,106,107,108,109,110,111,112,113,114,115,116,117,118,119,120,121,122,123,124,125
content:AA-1886-BOS-MIA,2:20 p.m.
TupleID:252,253,254,255,256,257,258,259,260,261,262,263,264,265,266,267,268,269,270
content:AA-2525-DFW-MIA,11:10 a.m.
TupleID:426,427,428,429,430,431,432,433,434,435,436,437,438,439,440,441,442,443,444,445,446,447,448,449,450,451
content:CO-1193-EWR-MCO,12:18 p.m.
TupleID:1339,1340,1341,1342,1343,1344,1345,1346,1347,1348,1349,1350,1351,1352,1353,1354,1355,1356,1357,1358,1359,1360,1361,1362,1363,1364
content:AA-466-IAH-MIA,9:20 a.m.
TupleID:1043,1044,1045,1046,1047,1048,1049,1050,1051,1052,1053,1054,1055,1056,1057,1058,1059,1060,1061,1062,1063,1064,1065,1066,1067,1068,1069
content:UA-2945-PHL-CLT,1:45 p.m.
TupleID:1930,1931,1932,1933,1934,1935,1936,1937,1938,1939,1940,1941,1942,1943,1944,1945,1946,1947,1948,1949,1950,1951,1952,1953
content:UA-257-JFK-SFO,6:15 p.m.
TupleID:1794,1795,1796,1797,1798,1799,1800,1801,1802,1803,1804,1805,1806,1807,1808,1809,1810,1811,1812,1813,1814,1815,1816,1817,1818,1819,1820
content:AA-616-DFW-DTW,12:35 p.m.
TupleID:1148,1149,1150,1151,1152,1153,1154,1155,1156,1157,1158,1159,1160,1161,1162,1163,1164,1165,1166,1167,1168,1169,1170,1171,1172,1173
content:UA-3050-PHX-CLT,4:57 p.m.
TupleID:1954,1955,1956,1957,1958,1959,1960,1961,1962,1963,1964,1965,1966,1967,1968,1969,1970,1971,1972,1973,1974,1975,1976,1977,1978
content:CO-16-LAX-EWR,6:44 p.m.
TupleID:1431,1432,1433,1434,1435,1436,1437,1438,1439,1440,1441,1442,1443,1444,1445,1446,1447,1448,1449,1450,1451
content:CO-45-EWR-MIA,7:05 p.m.
TupleID:1500,1501,1502,1503,1504,1505,1506,1507,1508,1509,1510,1511,1512,1513,1514,1515,1516,1517,1518,1519,1520,1521
content:UA-248-PHX-ORD,5:15 p.m.
TupleID:1753,1754,1755,1756,1757,1758,1759,1760,1761,1762,1763,1764,1765,1766,1767,1768,1769,1770,1771,1772
content:UA-37-EDI-EWR,11:53 a.m.
TupleID:2045,2046,2047,2048,2049,2050,2051,2052,2053,2054,2055,2056,2057,2058,2059,2060,2061,2062,2063,2064
content:AA-3804-PHL-ORD,4:05 p.m.
TupleID:632,633,634,635,636,637,638,639,640,641,642,643,644,645,646,647,648,649,650,651,652,653,654,655,656,657,658
content:CO-58-DEN-IAH,2:50 p.m.
TupleID:1606,1607,1608,1609,1610,1611,1612,1613,1614,1615,1616,1617,1618,1619,1620,1621,1622,1623,1624,1625
content:AA-3786-IAH-ORD,6:40 p.m.
TupleID:604,605,606,607,608,609,610,611,612,613,614,615,616,617,618,619,620,621,622,623,624,625,626,627,628,629,630,631
content:AA-85-JFK-SFO,6:30 p.m.
TupleID:1250,1251,1252,1253,1254,1255,1256,1257,1258,1259,1260,1261,1262,1263,1264,1265,1266,1267,1268,1269,1270,1271,1272,1273,1274,1275
content:CO-1586-IAH-MCO,10:15 p.m.
TupleID:1408,1409,1410,1411,1412,1413,1414,1415,1416,1417,1418,1419,1420,1421,1422,1423,1424,1425,1426,1427,1428,1429,1430
content:UA-414-LAX-SFO,7:23 a.m.
TupleID:2159,2160,2161,2162,2163,2164,2165,2166,2167,2168,2169,2170,2171,2172,2173,2174,2175,2176,2177,2178,2179,2180,2181
content:AA-1221-MCO-ORD,9:45 p.m.
TupleID:47,48,49,50,51,52,53,54,55,56,57,58,59,60,61,62,63,64,65,66,67,68,69,70,71,72,73,74
content:CO-1023-IAH-DEN,1:17 p.m.
TupleID:1276,1277,1278,1279,1280,1281,1282,1283,1284,1285,1286,1287,1288,1289,1290,1291,1292,1293,1294,1295,1296,1297
content:UA-2704-DTW-PHX,1:40 p.m.
TupleID:1821,1822,1823,1824,1825,1826,1827,1828,1829,1830,1831,1832,1833,1834,1835,1836,1837,1838,1839,1840,1841
content:AA-4198-ORD-CLE,12:55 p.m.
TupleID:865,866,867,868,869,870,871,872,873,874,875,876,877,878,879,880,881,882,883,884,885,886,887,888,889
content:CO-63-EWR-IAH,8:22 p.m.
TupleID:1647,1648,1649,1650,1651,1652,1653,1654,1655,1656,1657,1658,1659,1660,1661,1662,1663,1664,1665,1666,1667
content:AA-415-BOS-ORD,10:40 a.m.
TupleID:843,844,845,846,847,848,849,850,851,852,853,854,855,856,857,858,859,860,861,862,863,864
content:CO-50-CLE-EWR,4:49 p.m.
TupleID:1565,1566,1567,1568,1569,1570,1571,1572,1573,1574,1575,1576,1577,1578,1579,1580,1581,1582,1583,1584,1585
content:UA-3925-IAD-ORF,9:54 a.m.
TupleID:2110,2111,2112,2113,2114,2115,2116,2117,2118,2119,2120,2121,2122,2123,2124,2125,2126,2127,2128,2129,2130,2131,2132,2133,2134,2135,2136
content:AA-222-LAX-BOS,3:30 p.m.
TupleID:349,350,351,352,353,354,355,356,357,358,359,360,361,362,363,364,365,366,367,368,369,370,371,372
content:AA-2268-PHX-ORD,11:35 a.m.
TupleID:373,374,375,376,377,378,379,380,381,382,383,384,385,386,387,388,389,390,391,392,393,394,395,396,397,398
content:AA-1007-MIA-PHX,8:05 p.m.
TupleID:1,2,3,4,5,6,7,8,9,10,11,12,13,14,15,16,17,18,19,20,21
content:UA-397-JFK-SFO,11:55 a.m.
TupleID:2137,2138,2139,2140,2141,2142,2143,2144,2145,2146,2147,2148,2149,2150,2151,2152,2153,2154,2155,2156,2157,2158
content:CO-1090-BOS-IAH,1:16 p.m.
TupleID:1318,1319,1320,1321,1322,1323,1324,1325,1326,1327,1328,1329,1330,1331,1332,1333,1334,1335,1336,1337,1338
content:UA-1500-IAH-GUA,11:45 a.m.
TupleID:1688,1689,1690,1691,1692,1693,1694,1695,1696,1697,1698,1699,1700,1701,1702,1703,1704
content:AA-3-JFK-LAX,3:15 p.m.
TupleID:502,503,504,505,506,507,508,509,510,511,512,513,514,515,516,517,518,519,520,521,522,523,524,525,526
content:AA-1917-JFK-MCO,5:55 p.m.
TupleID:271,272,273,274,275,276,277,278,279,280,281,282,283,284,285,286,287,288,289,290,291,292,293,294,295
content:AA-2957-DFW-CVG,11:05 a.m.
TupleID:477,478,479,480,481,482,483,484,485,486,487,488,489,490,491,492,493,494,495,496,497,498,499,500,501
content:AA-3979-CVG-ORD,8:00 a.m.
TupleID:766,767,768,769,770,771,772,773,774,775,776,777,778,779,780,781,782,783,784,785,786,787,788,789,790,791
content:UA-3373-IAD-PHL,9:24 a.m.
TupleID:2002,2003,2004,2005,2006,2007,2008,2009,2010,2011,2012,2013,2014,2015,2016,2017,2018,2019,2020,2021,2022,2023,2024
content:AA-4277-CVG-JFK,2:15 p.m.
TupleID:890,891,892,893,894,895,896,897,898,899,900,901,902,903,904,905,906,907,908,909,910,911,912,913,914,915
content:AA-1522-SFO-ORD,5:50 a.m.
TupleID:126,127,128,129,130,131,132,133,134,135,136,137,138,139,140,141,142,143,144,145,146,147,148
content:AA-1733-ORD-PHX,10:30 p.m.
TupleID:225,226,227,228,229,230,231,232,233,234,235,236,237,238,239,240,241,242,243,244,245,246,247,248,249,250,251
content:AA-1165-JFK-MIA,10:34 a.m.
TupleID:22,23,24,25,26,27,28,29,30,31,32,33,34,35,36,37,38,39,40,41,42,43,44,45,46
content:AA-4307-ORD-DTW,9:10 p.m.
TupleID:916,917,918,919,920,921,922,923,924,925,926,927,928,929,930,931,932,933,934,935,936,937,938,939,940,941,942,943
content:UA-843-LAX-ORD,7:53 p.m.
TupleID:2294,2295,2296,2297,2298,2299,2300,2301,2302,2303,2304,2305,2306,2307,2308,2309,2310,2311,2312,2313,2314
content:AA-1279-DFW-PHX,2:35 p.m.
TupleID:75,76,77,78,79,80,81,82,83,84,85,86,87,88,89,90,91,92,93,94,95,96,97,98,99
content:UA-854-SFO-IAH,1:39 p.m.
TupleID:2315,2316,2317,2318,2319,2320,2321,2322,2323,2324,2325,2326,2327,2328,2329,2330,2331,2332,2333,2334,2335
content:AA-484-DFW-MIA,7:55 p.m.
TupleID:1070,1071,1072,1073,1074,1075,1076,1077,1078,1079,1080,1081,1082,1083,1084,1085,1086,1087,1088,1089,1090,1091,1092,1093,1094,1095
content:AA-649-ORD-SNA,3:50 p.m.
TupleID:1200,1201,1202,1203,1204,1205,1206,1207,1208,1209,1210,1211,1212,1213,1214,1215,1216,1217,1218,1219,1220,1221
content:CO-62-IAH-EWR,7:03 p.m.
TupleID:1626,1627,1628,1629,1630,1631,1632,1633,1634,1635,1636,1637,1638,1639,1640,1641,1642,1643,1644,1645,1646
content:AA-1640-MIA-MCO,7:25 p.m.
TupleID:171,172,173,174,175,176,177,178,179,180,181,182,183,184,185,186,187,188,189,190,191,192,193,194,195,196,197,198
content:AA-404-MIA-MCO,7:45 a.m.
TupleID:816,817,818,819,820,821,822,823,824,825,826,827,828,829,830,831,832,833,834,835,836,837,838,839,840,841,842
content:AA-3823-LAX-DEN,12:15 a.m.
TupleID:686,687,688,689,690,691,692,693,694,695,696,697,698,699,700,701,702,703,704,705,706,707,708,709,710,711
content:AA-1664-MIA-ATL,12:10 p.m.
TupleID:199,200,201,202,203,204,205,206,207,208,209,210,211,212,213,214,215,216,217,218,219,220,221,222,223,224
content:AA-3842-MSP-ORD,7:30 a.m.
TupleID:712,713,714,715,716,717,718,719,720,721,722,723,724,725,726,727,728,729,730,731,732,733,734,735,736,737,738
content:CO-4888-IAH-DAL,6:40 p.m.
TupleID:1543,1544,1545,1546,1547,1548,1549,1550,1551,1552,1553,1554,1555,1556,1557,1558,1559,1560,1561,1562,1563,1564
content:AA-446-DFW-PHL,3:50 p.m.
TupleID:1017,1018,1019,1020,1021,1022,1023,1024,1025,1026,1027,1028,1029,1030,1031,1032,1033,1034,1035,1036,1037,1038,1039,1040,1041,1042
content:CO-1694-LAX-IAH,12:21 a.m.
TupleID:1474,1475,1476,1477,1478,1479,1480,1481,1482,1483,1484,1485,1486,1487,1488,1489,1490,1491,1492,1493,1494,1495,1496,1497,1498,1499
content:UA-2314-ATL-PHL,5:00 p.m.
TupleID:1705,1706,1707,1708,1709,1710,1711,1712,1713,1714,1715,1716,1717,1718,1719,1720,1721,1722,1723,1724,1725
content:AA-3063-SLC-LAX,9:20 p.m.
TupleID:527,528,529,530,531,532,533,534,535,536,537,538,539,540,541,542,543,544,545,546,547,548,549,550
content:AA-400-DFW-JFK,2:59 p.m.
TupleID:792,793,794,795,796,797,798,799,800,801,802,803,804,805,806,807,808,809,810,811,812,813,814,815
content:AA-643-MIA-ORD,9:35 a.m.
TupleID:1174,1175,1176,1177,1178,1179,1180,1181,1182,1183,1184,1185,1186,1187,1188,1189,1190,1191,1192,1193,1194,1195,1196,1197,1198,1199
content:AA-789-ORD-DEN,2:35 p.m.
TupleID:1222,1223,1224,1225,1226,1227,1228,1229,1230,1231,1232,1233,1234,1235,1236,1237,1238,1239,1240,1241,1242,1243,1244,1245,1246,1247,1248,1249
Domain2
content:UA-3515-IAD-MSP,8:12 a.m.
TupleID:2025,2026,2027,2028,2029,2030,2031,2032,2033,2034,2035,2036,2037,2038,2039,2040,2041,2042,2043,2044
content:CO-1614-LAX-IAH,12:41 a.m.
TupleID:1452,1453,1454,1455,1456,1457,1458,1459,1460,1461,1462,1463,1464,1465,1466,1467,1468,1469,1470,1471,1472,1473
content:AA-204-LAX-MCO,11:25 p.m.
TupleID:296,297,298,299,300,301,302,303,304,305,306,307,308,309,310,311,312,313,314,315,316,317,318,319,320
content:AA-271-MIA-LAX,11:52 a.m.
TupleID:452,453,454,455,456,457,458,459,460,461,462,463,464,465,466,467,468,469,470,471,472,473,474,475,476
content:UA-2708-EWR-CLT,2:55 p.m.
TupleID:1842,1843,1844,1845,1846,1847,1848,1849,1850,1851,1852,1853,1854,1855,1856,1857,1858,1859,1860,1861
content:UA-664-ORD-PHL,1:31 p.m.
TupleID:2241,2242,2243,2244,2245,2246,2247,2248,2249,2250,2251,2252,2253,2254,2255,2256,2257,2258,2259,2260,2261,2262,2263,2264,2265,2266,2267,2268,2269
content:CO-1088-CLE-IAH,8:40 a.m.
TupleID:1298,1299,1300,1301,1302,1303,1304,1305,1306,1307,1308,1309,1310,1311,1312,1313,1314,1315,1316,1317
content:UA-233-LAX-JFK,4:25 p.m.
TupleID:1726,1727,1728,1729,1730,1731,1732,1733,1734,1735,1736,1737,1738,1739,1740,1741,1742,1743,1744,1745,1746,1747,1748,1749,1750,1751,1752
content:AA-59-JFK-SFO,7:39 a.m.
TupleID:1119,1120,1121,1122,1123,1124,1125,1126,1127,1128,1129,1130,1131,1132,1133,1134,1135,1136,1137,1138,1139,1140,1141,1142,1143,1144,1145,1146,1147
content:UA-3099-PHX-PHL,11:55 a.m.
TupleID:1979,1980,1981,1982,1983,1984,1985,1986,1987,1988,1989,1990,1991,1992,1993,1994,1995,1996,1997,1998,1999,2000,2001
content:UA-6273-YYC-SFO,7:27 a.m.
TupleID:2220,2221,2222,2223,2224,2225,2226,2227,2228,2229,2230,2231,2232,2233,2234,2235,2236,2237,2238,2239,2240
content:CO-52-IAH-LAX,7:29 a.m.
TupleID:1586,1587,1588,1589,1590,1591,1592,1593,1594,1595,1596,1597,1598,1599,1600,1601,1602,1603,1604,1605
content:UA-2726-FLL-PHL,4:00 p.m.
TupleID:1862,1863,1864,1865,1866,1867,1868,1869,1870,1871,1872,1873,1874,1875,1876,1877,1878,1879,1880,1881,1882,1883,1884
content:AA-1544-SAN-ORD,11:40 a.m.
TupleID:149,150,151,152,153,154,155,156,157,158,159,160,161,162,163,164,165,166,167,168,169,170
content:CO-89-IAH-EWR,6:02 a.m.
TupleID:1668,1669,1670,1671,1672,1673,1674,1675,1676,1677,1678,1679,1680,1681,1682,1683,1684,1685,1686,1687
content:AA-3859-IAH-ORD,7:16 a.m.
TupleID:739,740,741,742,743,744,745,746,747,748,749,750,751,752,753,754,755,756,757,758,759,760,761,762,763,764,765
content:UA-938-DEN-ORD,4:15 p.m.
TupleID:2354,2355,2356,2357,2358,2359,2360,2361,2362,2363,2364,2365,2366,2367,2368,2369,2370,2371,2372,2373,2374,2375,2376
content:AA-518-MIA-JFK,6:54 a.m.
TupleID:1096,1097,1098,1099,1100,1101,1102,1103,1104,1105,1106,1107,1108,1109,1110,1111,1112,1113,1114,1115,1116,1117,1118
content:AA-2312-DFW-DTW,8:25 p.m.
TupleID:399,400,401,402,403,404,405,406,407,408,409,410,411,412,413,414,415,416,417,418,419,420,421,422,423,424,425
content:AA-4330-CVG-ORD,3:36 p.m.
TupleID:971,972,973,974,975,976,977,978,979,980,981,982,983,984,985,986,987,988,989,990,991,992,993
content:CO-47-IAH-LAX,8:25 p.m.
TupleID:1522,1523,1524,1525,1526,1527,1528,1529,1530,1531,1532,1533,1534,1535,1536,1537,1538,1539,1540,1541,1542
content:CO-1561-PHX-IAH,8:00 a.m.
TupleID:1387,1388,1389,1390,1391,1392,1393,1394,1395,1396,1397,1398,1399,1400,1401,1402,1403,1404,1405,1406,1407
content:AA-2050-ORD-MIA,11:05 a.m.
TupleID:321,322,323,324,325,326,327,328,329,330,331,332,333,334,335,336,337,338,339,340,341,342,343,344,345,346,347,348
content:UA-858-PVG-SFO,1:32 p.m.
TupleID:2336,2337,2338,2339,2340,2341,2342,2343,2344,2345,2346,2347,2348,2349,2350,2351,2352,2353
content:AA-431-MIA-SFO,8:51 a.m.
TupleID:944,945,946,947,948,949,950,951,952,953,954,955,956,957,958,959,960,961,962,963,964,965,966,967,968,969,970
content:UA-2515-DFW-CLT,7:05 a.m.
TupleID:1773,1774,1775,1776,1777,1778,1779,1780,1781,1782,1783,1784,1785,1786,1787,1788,1789,1790,1791,1792,1793
content:AA-3809-PHX-LAX,6:10 a.m.
TupleID:659,660,661,662,663,664,665,666,667,668,669,670,671,672,673,674,675,676,677,678,679,680,681,682,683,684,685
content:UA-62-IAH-EWR,2:48 p.m.
TupleID:2200,2201,2202,2203,2204,2205,2206,2207,2208,2209,2210,2211,2212,2213,2214,2215,2216,2217,2218,2219
content:UA-2906-PHL-MCO,4:28 p.m.
TupleID:1906,1907,1908,1909,1910,1911,1912,1913,1914,1915,1916,1917,1918,1919,1920,1921,1922,1923,1924,1925,1926,1927,1928,1929
content:CO-1250-MIA-IAH,3:01 p.m.
TupleID:1365,1366,1367,1368,1369,1370,1371,1372,1373,1374,1375,1376,1377,1378,1379,1380,1381,1382,1383,1384,1385,1386
content:UA-37-EWR-MCO,1:48 p.m.
TupleID:2065,2066,2067,2068,2069,2070,2071,2072,2073,2074,2075,2076,2077,2078,2079,2080,2081,2082,2083,2084,2085
content:UA-2830-MCO-CLT,3:27 p.m.
TupleID:1885,1886,1887,1888,1889,1890,1891,1892,1893,1894,1895,1896,1897,1898,1899,1900,1901,1902,1903,1904,1905
content:UA-828-SFO-ORD,11:08 p.m.
TupleID:2270,2271,2272,2273,2274,2275,2276,2277,2278,2279,2280,2281,2282,2283,2284,2285,2286,2287,2288,2289,2290,2291,2292,2293
content:AA-3756-ORD-SLC,12:41 p.m.
TupleID:578,579,580,581,582,583,584,585,586,587,588,589,590,591,592,593,594,595,596,597,598,599,600,601,602,603
content:UA-382-IAD-LAX,12:35 p.m.
TupleID:2086,2087,2088,2089,2090,2091,2092,2093,2094,2095,2096,2097,2098,2099,2100,2101,2102,2103,2104,2105,2106,2107,2108,2109
content:UA-5487-SFO-MRY,10:33 a.m.
TupleID:2182,2183,2184,2185,2186,2187,2188,2189,2190,2191,2192,2193,2194,2195,2196,2197,2198,2199
content:AA-3468-CVG-MIA,7:25 a.m.
TupleID:551,552,553,554,555,556,557,558,559,560,561,562,563,564,565,566,567,568,569,570,571,572,573,574,575,576,577
content:AA-4344-ORD-DTW,12:13 p.m.
TupleID:994,995,996,997,998,999,1000,1001,1002,1003,1004,1005,1006,1007,1008,1009,1010,1011,1012,1013,1014,1015,1016
content:AA-1434-DFW-MCO,7:21 a.m.
TupleID:100,101,102,103,104,105,106,107,108,109,110,111,112,113,114,115,116,117,118,119,120,121,122,123,124,125
content:AA-1886-BOS-MIA,10:55 a.m.
TupleID:252,253,254,255,256,257,258,259,260,261,262,263,264,265,266,267,268,269,270
content:AA-2525-DFW-MIA,7:39 a.m.
TupleID:426,427,428,429,430,431,432,433,434,435,436,437,438,439,440,441,442,443,444,445,446,447,448,449,450,451
content:CO-1193-EWR-MCO,9:14 a.m.
TupleID:1339,1340,1341,1342,1343,1344,1345,1346,1347,1348,1349,1350,1351,1352,1353,1354,1355,1356,1357,1358,1359,1360,1361,1362,1363,1364
content:AA-466-IAH-MIA,6:08 a.m.
TupleID:1043,1044,1045,1046,1047,1048,1049,1050,1051,1052,1053,1054,1055,1056,1057,1058,1059,1060,1061,1062,1063,1064,1065,1066,1067,1068,1069
content:UA-2945-PHL-CLT,3:11 a.m.
TupleID:1930,1931,1932,1933,1934,1935,1936,1937,1938,1939,1940,1941,1942,1943,1944,1945,1946,1947,1948,1949,1950,1951,1952,1953
content:UA-257-JFK-SFO,2:26 p.m.
TupleID:1794,1795,1796,1797,1798,1799,1800,1801,1802,1803,1804,1805,1806,1807,1808,1809,1810,1811,1812,1813,1814,1815,1816,1817,1818,1819,1820
content:AA-616-DFW-DTW,10:10 a.m.
TupleID:1148,1149,1150,1151,1152,1153,1154,1155,1156,1157,1158,1159,1160,1161,1162,1163,1164,1165,1166,1167,1168,1169,1170,1171,1172,1173
content:UA-3050-PHX-CLT,11:30 a.m.
TupleID:1954,1955,1956,1957,1958,1959,1960,1961,1962,1963,1964,1965,1966,1967,1968,1969,1970,1971,1972,1973,1974,1975,1976,1977,1978
content:CO-16-LAX-EWR,10:20 a.m.
TupleID:1431,1432,1433,1434,1435,1436,1437,1438,1439,1440,1441,1442,1443,1444,1445,1446,1447,1448,1449,1450,1451
content:CO-45-EWR-MIA,3:58 p.m.
TupleID:1500,1501,1502,1503,1504,1505,1506,1507,1508,1509,1510,1511,1512,1513,1514,1515,1516,1517,1518,1519,1520,1521
content:UA-248-PHX-ORD,1:32 p.m.
TupleID:1753,1754,1755,1756,1757,1758,1759,1760,1761,1762,1763,1764,1765,1766,1767,1768,1769,1770,1771,1772
content:UA-37-EDI-EWR,8:52 a.m.
TupleID:2045,2046,2047,2048,2049,2050,2051,2052,2053,2054,2055,2056,2057,2058,2059,2060,2061,2062,2063,2064
content:AA-3804-PHL-ORD,2:44 p.m.
TupleID:632,633,634,635,636,637,638,639,640,641,642,643,644,645,646,647,648,649,650,651,652,653,654,655,656,657,658
content:CO-58-DEN-IAH,11:32 a.m.
TupleID:1606,1607,1608,1609,1610,1611,1612,1613,1614,1615,1616,1617,1618,1619,1620,1621,1622,1623,1624,1625
content:AA-3786-IAH-ORD,4:12 p.m.
TupleID:604,605,606,607,608,609,610,611,612,613,614,615,616,617,618,619,620,621,622,623,624,625,626,627,628,629,630,631
content:AA-85-JFK-SFO,3:36 p.m.
TupleID:1250,1251,1252,1253,1254,1255,1256,1257,1258,1259,1260,1261,1262,1263,1264,1265,1266,1267,1268,1269,1270,1271,1272,1273,1274,1275
content:CO-1586-IAH-MCO,7:14 p.m.
TupleID:1408,1409,1410,1411,1412,1413,1414,1415,1416,1417,1418,1419,1420,1421,1422,1423,1424,1425,1426,1427,1428,1429,1430
content:UA-414-LAX-SFO,5:56 a.m.
TupleID:2159,2160,2161,2162,2163,2164,2165,2166,2167,2168,2169,2170,2171,2172,2173,2174,2175,2176,2177,2178,2179,2180,2181
content:AA-1221-MCO-ORD,8:23 p.m.
TupleID:47,48,49,50,51,52,53,54,55,56,57,58,59,60,61,62,63,64,65,66,67,68,69,70,71,72,73,74
content:CO-1023-IAH-DEN,11:56 a.m.
TupleID:1276,1277,1278,1279,1280,1281,1282,1283,1284,1285,1286,1287,1288,1289,1290,1291,1292,1293,1294,1295,1296,1297
content:UA-2704-DTW-PHX,11:15 a.m.
TupleID:1821,1822,1823,1824,1825,1826,1827,1828,1829,1830,1831,1832,1833,1834,1835,1836,1837,1838,1839,1840,1841
content:AA-4198-ORD-CLE,10:54 a.m.
TupleID:865,866,867,868,869,870,871,872,873,874,875,876,877,878,879,880,881,882,883,884,885,886,887,888,889
content:CO-63-EWR-IAH,5:22 p.m.
TupleID:1647,1648,1649,1650,1651,1652,1653,1654,1655,1656,1657,1658,1659,1660,1661,1662,1663,1664,1665,1666,1667
content:AA-415-BOS-ORD,8:56 a.m.
TupleID:843,844,845,846,847,848,849,850,851,852,853,854,855,856,857,858,859,860,861,862,863,864
content:CO-50-CLE-EWR,3:31 p.m.
TupleID:1565,1566,1567,1568,1569,1570,1571,1572,1573,1574,1575,1576,1577,1578,1579,1580,1581,1582,1583,1584,1585
content:UA-3925-IAD-ORF,8:42 a.m.
TupleID:2110,2111,2112,2113,2114,2115,2116,2117,2118,2119,2120,2121,2122,2123,2124,2125,2126,2127,2128,2129,2130,2131,2132,2133,2134,2135,2136
content:AA-222-LAX-BOS,7:31 a.m.
TupleID:349,350,351,352,353,354,355,356,357,358,359,360,361,362,363,364,365,366,367,368,369,370,371,372
content:AA-2268-PHX-ORD,7:22 a.m.
TupleID:373,374,375,376,377,378,379,380,381,382,383,384,385,386,387,388,389,390,391,392,393,394,395,396,397,398
content:AA-1007-MIA-PHX,5:08 p.m.
TupleID:1,2,3,4,5,6,7,8,9,10,11,12,13,14,15,16,17,18,19,20,21
content:UA-397-JFK-SFO,8:29 a.m.
TupleID:2137,2138,2139,2140,2141,2142,2143,2144,2145,2146,2147,2148,2149,2150,2151,2152,2153,2154,2155,2156,2157,2158
content:CO-1090-BOS-IAH,10:19 a.m.
TupleID:1318,1319,1320,1321,1322,1323,1324,1325,1326,1327,1328,1329,1330,1331,1332,1333,1334,1335,1336,1337,1338
content:UA-1500-IAH-GUA,9:16 a.m.
TupleID:1688,1689,1690,1691,1692,1693,1694,1695,1696,1697,1698,1699,1700,1701,1702,1703,1704
content:AA-3-JFK-LAX,12:11 p.m.
TupleID:502,503,504,505,506,507,508,509,510,511,512,513,514,515,516,517,518,519,520,521,522,523,524,525,526
content:AA-1917-JFK-MCO,3:27 p.m.
TupleID:271,272,273,274,275,276,277,278,279,280,281,282,283,284,285,286,287,288,289,290,291,292,293,294,295
content:AA-2957-DFW-CVG,8:04 a.m.
TupleID:477,478,479,480,481,482,483,484,485,486,487,488,489,490,491,492,493,494,495,496,497,498,499,500,501
content:AA-3979-CVG-ORD,8:04 a.m.
TupleID:766,767,768,769,770,771,772,773,774,775,776,777,778,779,780,781,782,783,784,785,786,787,788,789,790,791
content:UA-3373-IAD-PHL,8:26 a.m.
TupleID:2002,2003,2004,2005,2006,2007,2008,2009,2010,2011,2012,2013,2014,2015,2016,2017,2018,2019,2020,2021,2022,2023,2024
content:AA-4277-CVG-JFK,12:10 p.m.
TupleID:890,891,892,893,894,895,896,897,898,899,900,901,902,903,904,905,906,907,908,909,910,911,912,913,914,915
content:AA-1522-SFO-ORD,11:55 p.m.
TupleID:126,127,128,129,130,131,132,133,134,135,136,137,138,139,140,141,142,143,144,145,146,147,148
content:AA-1733-ORD-PHX,7:58 p.m.
TupleID:225,226,227,228,229,230,231,232,233,234,235,236,237,238,239,240,241,242,243,244,245,246,247,248,249,250,251
content:AA-1165-JFK-MIA,7:22 a.m.
TupleID:22,23,24,25,26,27,28,29,30,31,32,33,34,35,36,37,38,39,40,41,42,43,44,45,46
content:AA-4307-ORD-DTW,6:55 p.m.
TupleID:916,917,918,919,920,921,922,923,924,925,926,927,928,929,930,931,932,933,934,935,936,937,938,939,940,941,942,943
content:UA-843-LAX-ORD,2:10 p.m.
TupleID:2294,2295,2296,2297,2298,2299,2300,2301,2302,2303,2304,2305,2306,2307,2308,2309,2310,2311,2312,2313,2314
content:AA-1279-DFW-PHX,2:04 p.m.
TupleID:75,76,77,78,79,80,81,82,83,84,85,86,87,88,89,90,91,92,93,94,95,96,97,98,99
content:UA-854-SFO-IAH,7:49 a.m.
TupleID:2315,2316,2317,2318,2319,2320,2321,2322,2323,2324,2325,2326,2327,2328,2329,2330,2331,2332,2333,2334,2335
content:AA-484-DFW-MIA,4:29 p.m.
TupleID:1070,1071,1072,1073,1074,1075,1076,1077,1078,1079,1080,1081,1082,1083,1084,1085,1086,1087,1088,1089,1090,1091,1092,1093,1094,1095
content:AA-649-ORD-SNA,1:30 p.m.
TupleID:1200,1201,1202,1203,1204,1205,1206,1207,1208,1209,1210,1211,1212,1213,1214,1215,1216,1217,1218,1219,1220,1221
content:CO-62-IAH-EWR,2:48 p.m.
TupleID:1626,1627,1628,1629,1630,1631,1632,1633,1634,1635,1636,1637,1638,1639,1640,1641,1642,1643,1644,1645,1646
content:AA-1640-MIA-MCO,6:30 p.m.
TupleID:171,172,173,174,175,176,177,178,179,180,181,182,183,184,185,186,187,188,189,190,191,192,193,194,195,196,197,198
content:AA-404-MIA-MCO,6:57 a.m.
TupleID:816,817,818,819,820,821,822,823,824,825,826,827,828,829,830,831,832,833,834,835,836,837,838,839,840,841,842
content:AA-3823-LAX-DEN,9:00 p.m.
TupleID:686,687,688,689,690,691,692,693,694,695,696,697,698,699,700,701,702,703,704,705,706,707,708,709,710,711
content:AA-1664-MIA-ATL,10:18 a.m.
TupleID:199,200,201,202,203,204,205,206,207,208,209,210,211,212,213,214,215,216,217,218,219,220,221,222,223,224
content:AA-3842-MSP-ORD,6:56 a.m.
TupleID:712,713,714,715,716,717,718,719,720,721,722,723,724,725,726,727,728,729,730,731,732,733,734,735,736,737,738
content:CO-4888-IAH-DAL,5:30 p.m.
TupleID:1543,1544,1545,1546,1547,1548,1549,1550,1551,1552,1553,1554,1555,1556,1557,1558,1559,1560,1561,1562,1563,1564
content:AA-446-DFW-PHL,12:12 p.m.
TupleID:1017,1018,1019,1020,1021,1022,1023,1024,1025,1026,1027,1028,1029,1030,1031,1032,1033,1034,1035,1036,1037,1038,1039,1040,1041,1042
content:CO-1694-LAX-IAH,7:15 p.m.
TupleID:1474,1475,1476,1477,1478,1479,1480,1481,1482,1483,1484,1485,1486,1487,1488,1489,1490,1491,1492,1493,1494,1495,1496,1497,1498,1499
content:UA-2314-ATL-PHL,2:55 p.m.
TupleID:1705,1706,1707,1708,1709,1710,1711,1712,1713,1714,1715,1716,1717,1718,1719,1720,1721,1722,1723,1724,1725
content:AA-3063-SLC-LAX,8:39 p.m.
TupleID:527,528,529,530,531,532,533,534,535,536,537,538,539,540,541,542,543,544,545,546,547,548,549,550
content:AA-400-DFW-JFK,11:01 a.m.
TupleID:792,793,794,795,796,797,798,799,800,801,802,803,804,805,806,807,808,809,810,811,812,813,814,815
content:AA-643-MIA-ORD,7:30 a.m.
TupleID:1174,1175,1176,1177,1178,1179,1180,1181,1182,1183,1184,1185,1186,1187,1188,1189,1190,1191,1192,1193,1194,1195,1196,1197,1198,1199
content:AA-789-ORD-DEN,1:19 p.m.
TupleID:1222,1223,1224,1225,1226,1227,1228,1229,1230,1231,1232,1233,1234,1235,1236,1237,1238,1239,1240,1241,1242,1243,1244,1245,1246,1247,1248,1249
Domain3
content:UA-3515-IAD-MSP,8:15 a.m.
TupleID:2025,2026,2027,2028,2029,2030,2031,2032,2033,2034,2035,2036,2037,2038,2039,2040,2041,2042,2043,2044
content:CO-1614-LAX-IAH,12:30 a.m.
TupleID:1452,1453,1454,1455,1456,1457,1458,1459,1460,1461,1462,1463,1464,1465,1466,1467,1468,1469,1470,1471,1472,1473
content:AA-204-LAX-MCO,11:25 p.m.
TupleID:296,297,298,299,300,301,302,303,304,305,306,307,308,309,310,311,312,313,314,315,316,317,318,319,320
content:AA-271-MIA-LAX,11:35 a.m.
TupleID:452,453,454,455,456,457,458,459,460,461,462,463,464,465,466,467,468,469,470,471,472,473,474,475,476
content:UA-2708-EWR-CLT,2:55 p.m.
TupleID:1842,1843,1844,1845,1846,1847,1848,1849,1850,1851,1852,1853,1854,1855,1856,1857,1858,1859,1860,1861
content:UA-664-ORD-PHL,1:33 p.m.
TupleID:2241,2242,2243,2244,2245,2246,2247,2248,2249,2250,2251,2252,2253,2254,2255,2256,2257,2258,2259,2260,2261,2262,2263,2264,2265,2266,2267,2268,2269
content:CO-1088-CLE-IAH,8:40 a.m.
TupleID:1298,1299,1300,1301,1302,1303,1304,1305,1306,1307,1308,1309,1310,1311,1312,1313,1314,1315,1316,1317
content:UA-233-LAX-JFK,4:25 p.m.
TupleID:1726,1727,1728,1729,1730,1731,1732,1733,1734,1735,1736,1737,1738,1739,1740,1741,1742,1743,1744,1745,1746,1747,1748,1749,1750,1751,1752
content:AA-59-JFK-SFO,7:10 a.m.
TupleID:1119,1120,1121,1122,1123,1124,1125,1126,1127,1128,1129,1130,1131,1132,1133,1134,1135,1136,1137,1138,1139,1140,1141,1142,1143,1144,1145,1146,1147
content:UA-3099-PHX-PHL,11:55 a.m.
TupleID:1979,1980,1981,1982,1983,1984,1985,1986,1987,1988,1989,1990,1991,1992,1993,1994,1995,1996,1997,1998,1999,2000,2001
content:UA-6273-YYC-SFO,7:35 a.m.
TupleID:2220,2221,2222,2223,2224,2225,2226,2227,2228,2229,2230,2231,2232,2233,2234,2235,2236,2237,2238,2239,2240
content:CO-52-IAH-LAX,7:35 a.m.
TupleID:1586,1587,1588,1589,1590,1591,1592,1593,1594,1595,1596,1597,1598,1599,1600,1601,1602,1603,1604,1605
content:UA-2726-FLL-PHL,4:00 p.m.
TupleID:1862,1863,1864,1865,1866,1867,1868,1869,1870,1871,1872,1873,1874,1875,1876,1877,1878,1879,1880,1881,1882,1883,1884
content:AA-1544-SAN-ORD,11:25 a.m.
TupleID:149,150,151,152,153,154,155,156,157,158,159,160,161,162,163,164,165,166,167,168,169,170
content:CO-89-IAH-EWR,6:00 a.m.
TupleID:1668,1669,1670,1671,1672,1673,1674,1675,1676,1677,1678,1679,1680,1681,1682,1683,1684,1685,1686,1687
content:AA-3859-IAH-ORD,7:10 a.m.
TupleID:739,740,741,742,743,744,745,746,747,748,749,750,751,752,753,754,755,756,757,758,759,760,761,762,763,764,765
content:UA-938-DEN-ORD,4:16 p.m.
TupleID:2354,2355,2356,2357,2358,2359,2360,2361,2362,2363,2364,2365,2366,2367,2368,2369,2370,2371,2372,2373,2374,2375,2376
content:AA-518-MIA-JFK,6:40 a.m.
TupleID:1096,1097,1098,1099,1100,1101,1102,1103,1104,1105,1106,1107,1108,1109,1110,1111,1112,1113,1114,1115,1116,1117,1118
content:AA-2312-DFW-DTW,8:25 p.m.
TupleID:399,400,401,402,403,404,405,406,407,408,409,410,411,412,413,414,415,416,417,418,419,420,421,422,423,424,425
content:AA-4330-CVG-ORD,3:35 p.m.
TupleID:971,972,973,974,975,976,977,978,979,980,981,982,983,984,985,986,987,988,989,990,991,992,993
content:CO-47-IAH-LAX,7:10 p.m.
TupleID:1522,1523,1524,1525,1526,1527,1528,1529,1530,1531,1532,1533,1534,1535,1536,1537,1538,1539,1540,1541,1542
content:CO-1561-PHX-IAH,8:05 a.m.
TupleID:1387,1388,1389,1390,1391,1392,1393,1394,1395,1396,1397,1398,1399,1400,1401,1402,1403,1404,1405,1406,1407
content:AA-2050-ORD-MIA,10:40 a.m.
TupleID:321,322,323,324,325,326,327,328,329,330,331,332,333,334,335,336,337,338,339,340,341,342,343,344,345,346,347,348
content:UA-858-PVG-SFO,1:45 p.m.
TupleID:2336,2337,2338,2339,2340,2341,2342,2343,2344,2345,2346,2347,2348,2349,2350,2351,2352,2353
content:AA-431-MIA-SFO,8:35 a.m.
TupleID:944,945,946,947,948,949,950,951,952,953,954,955,956,957,958,959,960,961,962,963,964,965,966,967,968,969,970
content:UA-2515-DFW-CLT,7:05 a.m.
TupleID:1773,1774,1775,1776,1777,1778,1779,1780,1781,1782,1783,1784,1785,1786,1787,1788,1789,1790,1791,1792,1793
content:AA-3809-PHX-LAX,6:00 a.m.
TupleID:659,660,661,662,663,664,665,666,667,668,669,670,671,672,673,674,675,676,677,678,679,680,681,682,683,684,685
content:UA-62-IAH-EWR,2:30 p.m.
TupleID:2200,2201,2202,2203,2204,2205,2206,2207,2208,2209,2210,2211,2212,2213,2214,2215,2216,2217,2218,2219
content:UA-2906-PHL-MCO,3:50 p.m.
TupleID:1906,1907,1908,1909,1910,1911,1912,1913,1914,1915,1916,1917,1918,1919,1920,1921,1922,1923,1924,1925,1926,1927,1928,1929
content:CO-1250-MIA-IAH,2:53 p.m.
TupleID:1365,1366,1367,1368,1369,1370,1371,1372,1373,1374,1375,1376,1377,1378,1379,1380,1381,1382,1383,1384,1385,1386
content:UA-37-EWR-MCO,1:29 p.m.
TupleID:2065,2066,2067,2068,2069,2070,2071,2072,2073,2074,2075,2076,2077,2078,2079,2080,2081,2082,2083,2084,2085
content:UA-2830-MCO-CLT,3:27 p.m.
TupleID:1885,1886,1887,1888,1889,1890,1891,1892,1893,1894,1895,1896,1897,1898,1899,1900,1901,1902,1903,1904,1905
content:UA-828-SFO-ORD,11:08 p.m.
TupleID:2270,2271,2272,2273,2274,2275,2276,2277,2278,2279,2280,2281,2282,2283,2284,2285,2286,2287,2288,2289,2290,2291,2292,2293
content:AA-3756-ORD-SLC,12:15 p.m.
TupleID:578,579,580,581,582,583,584,585,586,587,588,589,590,591,592,593,594,595,596,597,598,599,600,601,602,603
content:UA-382-IAD-LAX,12:30 p.m.
TupleID:2086,2087,2088,2089,2090,2091,2092,2093,2094,2095,2096,2097,2098,2099,2100,2101,2102,2103,2104,2105,2106,2107,2108,2109
content:UA-5487-SFO-MRY,10:39 a.m.
TupleID:2182,2183,2184,2185,2186,2187,2188,2189,2190,2191,2192,2193,2194,2195,2196,2197,2198,2199
content:AA-3468-CVG-MIA,7:00 a.m.
TupleID:551,552,553,554,555,556,557,558,559,560,561,562,563,564,565,566,567,568,569,570,571,572,573,574,575,576,577
content:AA-4344-ORD-DTW,11:45 a.m.
TupleID:994,995,996,997,998,999,1000,1001,1002,1003,1004,1005,1006,1007,1008,1009,1010,1011,1012,1013,1014,1015,1016
content:AA-1434-DFW-MCO,7:15 a.m.
TupleID:100,101,102,103,104,105,106,107,108,109,110,111,112,113,114,115,116,117,118,119,120,121,122,123,124,125
content:AA-1886-BOS-MIA,10:45 a.m.
TupleID:252,253,254,255,256,257,258,259,260,261,262,263,264,265,266,267,268,269,270
content:AA-2525-DFW-MIA,7:25 a.m.
TupleID:426,427,428,429,430,431,432,433,434,435,436,437,438,439,440,441,442,443,444,445,446,447,448,449,450,451
content:CO-1193-EWR-MCO,9:15 a.m.
TupleID:1339,1340,1341,1342,1343,1344,1345,1346,1347,1348,1349,1350,1351,1352,1353,1354,1355,1356,1357,1358,1359,1360,1361,1362,1363,1364
content:AA-466-IAH-MIA,6:00 a.m.
TupleID:1043,1044,1045,1046,1047,1048,1049,1050,1051,1052,1053,1054,1055,1056,1057,1058,1059,1060,1061,1062,1063,1064,1065,1066,1067,1068,1069
content:UA-2945-PHL-CLT,12:00 a.m.
TupleID:1930,1931,1932,1933,1934,1935,1936,1937,1938,1939,1940,1941,1942,1943,1944,1945,1946,1947,1948,1949,1950,1951,1952,1953
content:UA-257-JFK-SFO,2:30 p.m.
TupleID:1794,1795,1796,1797,1798,1799,1800,1801,1802,1803,1804,1805,1806,1807,1808,1809,1810,1811,1812,1813,1814,1815,1816,1817,1818,1819,1820
content:AA-616-DFW-DTW,9:05 a.m.
TupleID:1148,1149,1150,1151,1152,1153,1154,1155,1156,1157,1158,1159,1160,1161,1162,1163,1164,1165,1166,1167,1168,1169,1170,1171,1172,1173
content:UA-3050-PHX-CLT,11:05 a.m.
TupleID:1954,1955,1956,1957,1958,1959,1960,1961,1962,1963,1964,1965,1966,1967,1968,1969,1970,1971,1972,1973,1974,1975,1976,1977,1978
content:CO-16-LAX-EWR,10:25 a.m.
TupleID:1431,1432,1433,1434,1435,1436,1437,1438,1439,1440,1441,1442,1443,1444,1445,1446,1447,1448,1449,1450,1451
content:CO-45-EWR-MIA,4:00 p.m.
TupleID:1500,1501,1502,1503,1504,1505,1506,1507,1508,1509,1510,1511,1512,1513,1514,1515,1516,1517,1518,1519,1520,1521
content:UA-248-PHX-ORD,12:57 p.m.
TupleID:1753,1754,1755,1756,1757,1758,1759,1760,1761,1762,1763,1764,1765,1766,1767,1768,1769,1770,1771,1772
content:UA-37-EDI-EWR,9:05 a.m.
TupleID:2045,2046,2047,2048,2049,2050,2051,2052,2053,2054,2055,2056,2057,2058,2059,2060,2061,2062,2063,2064
content:AA-3804-PHL-ORD,2:35 p.m.
TupleID:632,633,634,635,636,637,638,639,640,641,642,643,644,645,646,647,648,649,650,651,652,653,654,655,656,657,658
content:CO-58-DEN-IAH,11:25 a.m.
TupleID:1606,1607,1608,1609,1610,1611,1612,1613,1614,1615,1616,1617,1618,1619,1620,1621,1622,1623,1624,1625
content:AA-3786-IAH-ORD,4:00 p.m.
TupleID:604,605,606,607,608,609,610,611,612,613,614,615,616,617,618,619,620,621,622,623,624,625,626,627,628,629,630,631
content:AA-85-JFK-SFO,3:05 p.m.
TupleID:1250,1251,1252,1253,1254,1255,1256,1257,1258,1259,1260,1261,1262,1263,1264,1265,1266,1267,1268,1269,1270,1271,1272,1273,1274,1275
content:CO-1586-IAH-MCO,7:00 p.m.
TupleID:1408,1409,1410,1411,1412,1413,1414,1415,1416,1417,1418,1419,1420,1421,1422,1423,1424,1425,1426,1427,1428,1429,1430
content:UA-414-LAX-SFO,6:00 a.m.
TupleID:2159,2160,2161,2162,2163,2164,2165,2166,2167,2168,2169,2170,2171,2172,2173,2174,2175,2176,2177,2178,2179,2180,2181
content:AA-1221-MCO-ORD,8:00 p.m.
TupleID:47,48,49,50,51,52,53,54,55,56,57,58,59,60,61,62,63,64,65,66,67,68,69,70,71,72,73,74
content:CO-1023-IAH-DEN,11:40 a.m.
TupleID:1276,1277,1278,1279,1280,1281,1282,1283,1284,1285,1286,1287,1288,1289,1290,1291,1292,1293,1294,1295,1296,1297
content:UA-2704-DTW-PHX,11:15 a.m.
TupleID:1821,1822,1823,1824,1825,1826,1827,1828,1829,1830,1831,1832,1833,1834,1835,1836,1837,1838,1839,1840,1841
content:AA-4198-ORD-CLE,10:40 a.m.
TupleID:865,866,867,868,869,870,871,872,873,874,875,876,877,878,879,880,881,882,883,884,885,886,887,888,889
content:CO-63-EWR-IAH,5:25 p.m.
TupleID:1647,1648,1649,1650,1651,1652,1653,1654,1655,1656,1657,1658,1659,1660,1661,1662,1663,1664,1665,1666,1667
content:AA-415-BOS-ORD,8:35 a.m.
TupleID:843,844,845,846,847,848,849,850,851,852,853,854,855,856,857,858,859,860,861,862,863,864
content:CO-50-CLE-EWR,2:55 p.m.
TupleID:1565,1566,1567,1568,1569,1570,1571,1572,1573,1574,1575,1576,1577,1578,1579,1580,1581,1582,1583,1584,1585
content:UA-3925-IAD-ORF,8:41 a.m.
TupleID:2110,2111,2112,2113,2114,2115,2116,2117,2118,2119,2120,2121,2122,2123,2124,2125,2126,2127,2128,2129,2130,2131,2132,2133,2134,2135,2136
content:AA-222-LAX-BOS,7:10 a.m.
TupleID:349,350,351,352,353,354,355,356,357,358,359,360,361,362,363,364,365,366,367,368,369,370,371,372
content:AA-2268-PHX-ORD,7:15 a.m.
TupleID:373,374,375,376,377,378,379,380,381,382,383,384,385,386,387,388,389,390,391,392,393,394,395,396,397,398
content:AA-1007-MIA-PHX,4:55 p.m.
TupleID:1,2,3,4,5,6,7,8,9,10,11,12,13,14,15,16,17,18,19,20,21
content:UA-397-JFK-SFO,8:00 a.m.
TupleID:2137,2138,2139,2140,2141,2142,2143,2144,2145,2146,2147,2148,2149,2150,2151,2152,2153,2154,2155,2156,2157,2158
content:CO-1090-BOS-IAH,9:45 a.m.
TupleID:1318,1319,1320,1321,1322,1323,1324,1325,1326,1327,1328,1329,1330,1331,1332,1333,1334,1335,1336,1337,1338
content:UA-1500-IAH-GUA,8:55 a.m.
TupleID:1688,1689,1690,1691,1692,1693,1694,1695,1696,1697,1698,1699,1700,1701,1702,1703,1704
content:AA-3-JFK-LAX,12:00 p.m.
TupleID:502,503,504,505,506,507,508,509,510,511,512,513,514,515,516,517,518,519,520,521,522,523,524,525,526
content:AA-1917-JFK-MCO,2:55 p.m.
TupleID:271,272,273,274,275,276,277,278,279,280,281,282,283,284,285,286,287,288,289,290,291,292,293,294,295
content:AA-2957-DFW-CVG,7:55 a.m.
TupleID:477,478,479,480,481,482,483,484,485,486,487,488,489,490,491,492,493,494,495,496,497,498,499,500,501
content:AA-3979-CVG-ORD,7:30 a.m.
TupleID:766,767,768,769,770,771,772,773,774,775,776,777,778,779,780,781,782,783,784,785,786,787,788,789,790,791
content:UA-3373-IAD-PHL,8:29 a.m.
TupleID:2002,2003,2004,2005,2006,2007,2008,2009,2010,2011,2012,2013,2014,2015,2016,2017,2018,2019,2020,2021,2022,2023,2024
content:AA-4277-CVG-JFK,12:10 p.m.
TupleID:890,891,892,893,894,895,896,897,898,899,900,901,902,903,904,905,906,907,908,909,910,911,912,913,914,915
content:AA-1522-SFO-ORD,11:55 p.m.
TupleID:126,127,128,129,130,131,132,133,134,135,136,137,138,139,140,141,142,143,144,145,146,147,148
content:AA-1733-ORD-PHX,7:45 p.m.
TupleID:225,226,227,228,229,230,231,232,233,234,235,236,237,238,239,240,241,242,243,244,245,246,247,248,249,250,251
content:AA-1165-JFK-MIA,6:59 a.m.
TupleID:22,23,24,25,26,27,28,29,30,31,32,33,34,35,36,37,38,39,40,41,42,43,44,45,46
content:AA-4307-ORD-DTW,6:45 p.m.
TupleID:916,917,918,919,920,921,922,923,924,925,926,927,928,929,930,931,932,933,934,935,936,937,938,939,940,941,942,943
content:UA-843-LAX-ORD,1:55 p.m.
TupleID:2294,2295,2296,2297,2298,2299,2300,2301,2302,2303,2304,2305,2306,2307,2308,2309,2310,2311,2312,2313,2314
content:AA-1279-DFW-PHX,1:00 p.m.
TupleID:75,76,77,78,79,80,81,82,83,84,85,86,87,88,89,90,91,92,93,94,95,96,97,98,99
content:UA-854-SFO-IAH,7:53 a.m.
TupleID:2315,2316,2317,2318,2319,2320,2321,2322,2323,2324,2325,2326,2327,2328,2329,2330,2331,2332,2333,2334,2335
content:AA-484-DFW-MIA,4:15 p.m.
TupleID:1070,1071,1072,1073,1074,1075,1076,1077,1078,1079,1080,1081,1082,1083,1084,1085,1086,1087,1088,1089,1090,1091,1092,1093,1094,1095
content:AA-649-ORD-SNA,1:30 p.m.
TupleID:1200,1201,1202,1203,1204,1205,1206,1207,1208,1209,1210,1211,1212,1213,1214,1215,1216,1217,1218,1219,1220,1221
content:CO-62-IAH-EWR,2:30 p.m.
TupleID:1626,1627,1628,1629,1630,1631,1632,1633,1634,1635,1636,1637,1638,1639,1640,1641,1642,1643,1644,1645,1646
content:AA-1640-MIA-MCO,6:30 p.m.
TupleID:171,172,173,174,175,176,177,178,179,180,181,182,183,184,185,186,187,188,189,190,191,192,193,194,195,196,197,198
content:AA-404-MIA-MCO,6:45 a.m.
TupleID:816,817,818,819,820,821,822,823,824,825,826,827,828,829,830,831,832,833,834,835,836,837,838,839,840,841,842
content:AA-3823-LAX-DEN,9:00 p.m.
TupleID:686,687,688,689,690,691,692,693,694,695,696,697,698,699,700,701,702,703,704,705,706,707,708,709,710,711
content:AA-1664-MIA-ATL,10:15 a.m.
TupleID:199,200,201,202,203,204,205,206,207,208,209,210,211,212,213,214,215,216,217,218,219,220,221,222,223,224
content:AA-3842-MSP-ORD,6:00 a.m.
TupleID:712,713,714,715,716,717,718,719,720,721,722,723,724,725,726,727,728,729,730,731,732,733,734,735,736,737,738
content:CO-4888-IAH-DAL,5:30 p.m.
TupleID:1543,1544,1545,1546,1547,1548,1549,1550,1551,1552,1553,1554,1555,1556,1557,1558,1559,1560,1561,1562,1563,1564
content:AA-446-DFW-PHL,11:50 a.m.
TupleID:1017,1018,1019,1020,1021,1022,1023,1024,1025,1026,1027,1028,1029,1030,1031,1032,1033,1034,1035,1036,1037,1038,1039,1040,1041,1042
content:CO-1694-LAX-IAH,7:15 p.m.
TupleID:1474,1475,1476,1477,1478,1479,1480,1481,1482,1483,1484,1485,1486,1487,1488,1489,1490,1491,1492,1493,1494,1495,1496,1497,1498,1499
content:UA-2314-ATL-PHL,2:55 p.m.
TupleID:1705,1706,1707,1708,1709,1710,1711,1712,1713,1714,1715,1716,1717,1718,1719,1720,1721,1722,1723,1724,1725
content:AA-3063-SLC-LAX,8:20 p.m.
TupleID:527,528,529,530,531,532,533,534,535,536,537,538,539,540,541,542,543,544,545,546,547,548,549,550
content:AA-400-DFW-JFK,10:40 a.m.
TupleID:792,793,794,795,796,797,798,799,800,801,802,803,804,805,806,807,808,809,810,811,812,813,814,815
content:AA-643-MIA-ORD,7:10 a.m.
TupleID:1174,1175,1176,1177,1178,1179,1180,1181,1182,1183,1184,1185,1186,1187,1188,1189,1190,1191,1192,1193,1194,1195,1196,1197,1198,1199
content:AA-789-ORD-DEN,1:05 p.m.
TupleID:1222,1223,1224,1225,1226,1227,1228,1229,1230,1231,1232,1233,1234,1235,1236,1237,1238,1239,1240,1241,1242,1243,1244,1245,1246,1247,1248,1249
Domain4
content:11:10 a.m.,11:06 a.m.
TupleID:426,427,428,429,430,431,432,433,434,435,436,437,438,439,440,441,442,443,444,445,446,447,448,449,450,451
content:8:22 p.m.,8:03 p.m.
TupleID:1647,1648,1649,1650,1651,1652,1653,1654,1655,1656,1657,1658,1659,1660,1661,1662,1663,1664,1665,1666,1667
content:11:55 a.m.,11:58 a.m.
TupleID:2137,2138,2139,2140,2141,2142,2143,2144,2145,2146,2147,2148,2149,2150,2151,2152,2153,2154,2155,2156,2157,2158
content:10:30 p.m.,10:30 p.m.
TupleID:225,226,227,228,229,230,231,232,233,234,235,236,237,238,239,240,241,242,243,244,245,246,247,248,249,250,251
content:12:21 a.m.,12:21 a.m.
TupleID:1474,1475,1476,1477,1478,1479,1480,1481,1482,1483,1484,1485,1486,1487,1488,1489,1490,1491,1492,1493,1494,1495,1496,1497,1498,1499
content:5:11 a.m.,5:11 a.m.
TupleID:2270,2271,2272,2273,2274,2275,2276,2277,2278,2279,2280,2281,2282,2283,2284,2285,2286,2287,2288,2289,2290,2291,2292,2293
content:9:55 a.m.,9:45 a.m.
TupleID:551,552,553,554,555,556,557,558,559,560,561,562,563,564,565,566,567,568,569,570,571,572,573,574,575,576,577
content:4:31 p.m.,4:23 p.m.
TupleID:2241,2242,2243,2244,2245,2246,2247,2248,2249,2250,2251,2252,2253,2254,2255,2256,2257,2258,2259,2260,2261,2262,2263,2264,2265,2266,2267,2268,2269
content:2:15 p.m.,1:43 p.m.
TupleID:890,891,892,893,894,895,896,897,898,899,900,901,902,903,904,905,906,907,908,909,910,911,912,913,914,915
content:4:53 p.m.,4:44 p.m.
TupleID:1842,1843,1844,1845,1846,1847,1848,1849,1850,1851,1852,1853,1854,1855,1856,1857,1858,1859,1860,1861
content:4:00 p.m.,3:33 p.m.
TupleID:971,972,973,974,975,976,977,978,979,980,981,982,983,984,985,986,987,988,989,990,991,992,993
content:7:25 p.m.,7:25 p.m.
TupleID:171,172,173,174,175,176,177,178,179,180,181,182,183,184,185,186,187,188,189,190,191,192,193,194,195,196,197,198
content:9:10 p.m.,8:53 p.m.
TupleID:916,917,918,919,920,921,922,923,924,925,926,927,928,929,930,931,932,933,934,935,936,937,938,939,940,941,942,943
content:6:30 p.m.,6:43 p.m.
TupleID:1250,1251,1252,1253,1254,1255,1256,1257,1258,1259,1260,1261,1262,1263,1264,1265,1266,1267,1268,1269,1270,1271,1272,1273,1274,1275
content:9:24 a.m.,9:13 a.m.
TupleID:2002,2003,2004,2005,2006,2007,2008,2009,2010,2011,2012,2013,2014,2015,2016,2017,2018,2019,2020,2021,2022,2023,2024
content:6:44 p.m.,6:34 p.m.
TupleID:1431,1432,1433,1434,1435,1436,1437,1438,1439,1440,1441,1442,1443,1444,1445,1446,1447,1448,1449,1450,1451
content:3:50 p.m.,4:09 p.m.
TupleID:1017,1018,1019,1020,1021,1022,1023,1024,1025,1026,1027,1028,1029,1030,1031,1032,1033,1034,1035,1036,1037,1038,1039,1040,1041,1042,1200,1201,1202,1203,1204,1205,1206,1207,1208,1209,1210,1211,1212,1213,1214,1215,1216,1217,1218,1219,1220,1221
content:8:00 a.m.,8:06 a.m.
TupleID:766,767,768,769,770,771,772,773,774,775,776,777,778,779,780,781,782,783,784,785,786,787,788,789,790,791
content:9:25 a.m.,9:28 a.m.
TupleID:1096,1097,1098,1099,1100,1101,1102,1103,1104,1105,1106,1107,1108,1109,1110,1111,1112,1113,1114,1115,1116,1117,1118
content:2:59 p.m.,3:04 p.m.
TupleID:792,793,794,795,796,797,798,799,800,801,802,803,804,805,806,807,808,809,810,811,812,813,814,815
content:7:55 p.m.,7:39 p.m.
TupleID:1070,1071,1072,1073,1074,1075,1076,1077,1078,1079,1080,1081,1082,1083,1084,1085,1086,1087,1088,1089,1090,1091,1092,1093,1094,1095
content:8:05 p.m.,7:55 p.m.
TupleID:1,2,3,4,5,6,7,8,9,10,11,12,13,14,15,16,17,18,19,20,21
content:10:35 a.m.,10:36 a.m.
TupleID:100,101,102,103,104,105,106,107,108,109,110,111,112,113,114,115,116,117,118,119,120,121,122,123,124,125
content:9:20 p.m.,9:20 p.m.
TupleID:527,528,529,530,531,532,533,534,535,536,537,538,539,540,541,542,543,544,545,546,547,548,549,550
content:12:18 p.m.,12:09 p.m.
TupleID:1339,1340,1341,1342,1343,1344,1345,1346,1347,1348,1349,1350,1351,1352,1353,1354,1355,1356,1357,1358,1359,1360,1361,1362,1363,1364
content:5:25 p.m.,4:56 p.m.
TupleID:149,150,151,152,153,154,155,156,157,158,159,160,161,162,163,164,165,166,167,168,169,170
content:5:55 p.m.,5:43 p.m.
TupleID:271,272,273,274,275,276,277,278,279,280,281,282,283,284,285,286,287,288,289,290,291,292,293,294,295
content:2:45 p.m.,2:46 p.m.
TupleID:321,322,323,324,325,326,327,328,329,330,331,332,333,334,335,336,337,338,339,340,341,342,343,344,345,346,347,348,578,579,580,581,582,583,584,585,586,587,588,589,590,591,592,593,594,595,596,597,598,599,600,601,602,603
content:2:00 p.m.,2:10 p.m.
TupleID:994,995,996,997,998,999,1000,1001,1002,1003,1004,1005,1006,1007,1008,1009,1010,1011,1012,1013,1014,1015,1016
content:5:50 a.m.,5:50 a.m.
TupleID:126,127,128,129,130,131,132,133,134,135,136,137,138,139,140,141,142,143,144,145,146,147,148
content:11:50 p.m.,11:50 p.m.
TupleID:399,400,401,402,403,404,405,406,407,408,409,410,411,412,413,414,415,416,417,418,419,420,421,422,423,424,425
content:10:15 p.m.,10:29 p.m.
TupleID:1408,1409,1410,1411,1412,1413,1414,1415,1416,1417,1418,1419,1420,1421,1422,1423,1424,1425,1426,1427,1428,1429,1430
content:3:19 p.m.,3:21 p.m.
TupleID:2086,2087,2088,2089,2090,2091,2092,2093,2094,2095,2096,2097,2098,2099,2100,2101,2102,2103,2104,2105,2106,2107,2108,2109
content:11:45 a.m.,11:56 a.m.
TupleID:1688,1689,1690,1691,1692,1693,1694,1695,1696,1697,1698,1699,1700,1701,1702,1703,1704
content:10:06 a.m.,9:56 a.m.
TupleID:2025,2026,2027,2028,2029,2030,2031,2032,2033,2034,2035,2036,2037,2038,2039,2040,2041,2042,2043,2044
content:7:35 p.m.,7:36 p.m.
TupleID:2354,2355,2356,2357,2358,2359,2360,2361,2362,2363,2364,2365,2366,2367,2368,2369,2370,2371,2372,2373,2374,2375,2376
content:10:54 a.m.,10:56 a.m.
TupleID:1298,1299,1300,1301,1302,1303,1304,1305,1306,1307,1308,1309,1310,1311,1312,1313,1314,1315,1316,1317
content:5:35 a.m.,5:26 a.m.
TupleID:1452,1453,1454,1455,1456,1457,1458,1459,1460,1461,1462,1463,1464,1465,1466,1467,1468,1469,1470,1471,1472,1473
content:9:40 a.m.,9:32 a.m.
TupleID:739,740,741,742,743,744,745,746,747,748,749,750,751,752,753,754,755,756,757,758,759,760,761,762,763,764,765
content:6:23 p.m.,6:38 p.m.
TupleID:1906,1907,1908,1909,1910,1911,1912,1913,1914,1915,1916,1917,1918,1919,1920,1921,1922,1923,1924,1925,1926,1927,1928,1929
content:6:55 a.m.,6:55 a.m.
TupleID:296,297,298,299,300,301,302,303,304,305,306,307,308,309,310,311,312,313,314,315,316,317,318,319,320
content:9:35 a.m.,9:31 a.m.
TupleID:1174,1175,1176,1177,1178,1179,1180,1181,1182,1183,1184,1185,1186,1187,1188,1189,1190,1191,1192,1193,1194,1195,1196,1197,1198,1199
content:9:43 a.m.,8:45 a.m.
TupleID:2220,2221,2222,2223,2224,2225,2226,2227,2228,2229,2230,2231,2232,2233,2234,2235,2236,2237,2238,2239,2240
content:11:50 a.m.,11:44 a.m.
TupleID:944,945,946,947,948,949,950,951,952,953,954,955,956,957,958,959,960,961,962,963,964,965,966,967,968,969,970
content:9:54 a.m.,9:43 a.m.
TupleID:2110,2111,2112,2113,2114,2115,2116,2117,2118,2119,2120,2121,2122,2123,2124,2125,2126,2127,2128,2129,2130,2131,2132,2133,2134,2135,2136
content:7:03 p.m.,7:10 p.m.
TupleID:1626,1627,1628,1629,1630,1631,1632,1633,1634,1635,1636,1637,1638,1639,1640,1641,1642,1643,1644,1645,1646,2200,2201,2202,2203,2204,2205,2206,2207,2208,2209,2210,2211,2212,2213,2214,2215,2216,2217,2218,2219
content:1:16 p.m.,1:19 p.m.
TupleID:1318,1319,1320,1321,1322,1323,1324,1325,1326,1327,1328,1329,1330,1331,1332,1333,1334,1335,1336,1337,1338
content:1:40 p.m.,2:00 p.m.
TupleID:1821,1822,1823,1824,1825,1826,1827,1828,1829,1830,1831,1832,1833,1834,1835,1836,1837,1838,1839,1840,1841
content:6:15 p.m.,5:42 p.m.
TupleID:1794,1795,1796,1797,1798,1799,1800,1801,1802,1803,1804,1805,1806,1807,1808,1809,1810,1811,1812,1813,1814,1815,1816,1817,1818,1819,1820
content:11:53 a.m.,12:09 p.m.
TupleID:2045,2046,2047,2048,2049,2050,2051,2052,2053,2054,2055,2056,2057,2058,2059,2060,2061,2062,2063,2064
content:8:56 p.m.,9:52 p.m.
TupleID:1522,1523,1524,1525,1526,1527,1528,1529,1530,1531,1532,1533,1534,1535,1536,1537,1538,1539,1540,1541,1542
content:7:30 a.m.,7:51 a.m.
TupleID:712,713,714,715,716,717,718,719,720,721,722,723,724,725,726,727,728,729,730,731,732,733,734,735,736,737,738
content:2:20 p.m.,1:40 p.m.
TupleID:252,253,254,255,256,257,258,259,260,261,262,263,264,265,266,267,268,269,270
content:4:48 p.m.,4:59 p.m.
TupleID:1365,1366,1367,1368,1369,1370,1371,1372,1373,1374,1375,1376,1377,1378,1379,1380,1381,1382,1383,1384,1385,1386
content:5:00 p.m.,4:47 p.m.
TupleID:1705,1706,1707,1708,1709,1710,1711,1712,1713,1714,1715,1716,1717,1718,1719,1720,1721,1722,1723,1724,1725
content:6:17 p.m.,5:38 p.m.
TupleID:1979,1980,1981,1982,1983,1984,1985,1986,1987,1988,1989,1990,1991,1992,1993,1994,1995,1996,1997,1998,1999,2000,2001
content:12:55 p.m.,12:50 p.m.
TupleID:865,866,867,868,869,870,871,872,873,874,875,876,877,878,879,880,881,882,883,884,885,886,887,888,889
content:12:10 p.m.,11:56 a.m.
TupleID:199,200,201,202,203,204,205,206,207,208,209,210,211,212,213,214,215,216,217,218,219,220,221,222,223,224
content:3:15 p.m.,3:16 p.m.
TupleID:502,503,504,505,506,507,508,509,510,511,512,513,514,515,516,517,518,519,520,521,522,523,524,525,526
content:9:21 a.m.,9:14 a.m.
TupleID:1586,1587,1588,1589,1590,1591,1592,1593,1594,1595,1596,1597,1598,1599,1600,1601,1602,1603,1604,1605
content:12:15 a.m.,12:15 a.m.
TupleID:686,687,688,689,690,691,692,693,694,695,696,697,698,699,700,701,702,703,704,705,706,707,708,709,710,711
content:10:40 a.m.,10:16 a.m.
TupleID:843,844,845,846,847,848,849,850,851,852,853,854,855,856,857,858,859,860,861,862,863,864
content:2:25 p.m.,2:27 p.m.
TupleID:452,453,454,455,456,457,458,459,460,461,462,463,464,465,466,467,468,469,470,471,472,473,474,475,476
content:5:05 p.m.,5:17 p.m.
TupleID:1885,1886,1887,1888,1889,1890,1891,1892,1893,1894,1895,1896,1897,1898,1899,1900,1901,1902,1903,1904,1905
content:7:45 a.m.,7:40 a.m.
TupleID:816,817,818,819,820,821,822,823,824,825,826,827,828,829,830,831,832,833,834,835,836,837,838,839,840,841,842
content:2:50 p.m.,3:31 p.m.
TupleID:1606,1607,1608,1609,1610,1611,1612,1613,1614,1615,1616,1617,1618,1619,1620,1621,1622,1623,1624,1625
content:3:30 p.m.,3:14 p.m.
TupleID:349,350,351,352,353,354,355,356,357,358,359,360,361,362,363,364,365,366,367,368,369,370,371,372
content:11:35 a.m.,11:06 a.m.
TupleID:373,374,375,376,377,378,379,380,381,382,383,384,385,386,387,388,389,390,391,392,393,394,395,396,397,398,1387,1388,1389,1390,1391,1392,1393,1394,1395,1396,1397,1398,1399,1400,1401,1402,1403,1404,1405,1406,1407
content:11:05 a.m.,11:01 a.m.
TupleID:477,478,479,480,481,482,483,484,485,486,487,488,489,490,491,492,493,494,495,496,497,498,499,500,501
content:7:05 p.m.,6:36 p.m.
TupleID:1500,1501,1502,1503,1504,1505,1506,1507,1508,1509,1510,1511,1512,1513,1514,1515,1516,1517,1518,1519,1520,1521
content:1:45 p.m.,1:15 p.m.
TupleID:1930,1931,1932,1933,1934,1935,1936,1937,1938,1939,1940,1941,1942,1943,1944,1945,1946,1947,1948,1949,1950,1951,1952,1953
content:11:19 a.m.,11:21 a.m.
TupleID:2182,2183,2184,2185,2186,2187,2188,2189,2190,2191,2192,2193,2194,2195,2196,2197,2198,2199
content:4:17 p.m.,4:17 p.m.
TupleID:2065,2066,2067,2068,2069,2070,2071,2072,2073,2074,2075,2076,2077,2078,2079,2080,2081,2082,2083,2084,2085
content:6:40 a.m.,6:19 a.m.
TupleID:659,660,661,662,663,664,665,666,667,668,669,670,671,672,673,674,675,676,677,678,679,680,681,682,683,684,685
content:10:20 a.m.,10:27 a.m.
TupleID:1668,1669,1670,1671,1672,1673,1674,1675,1676,1677,1678,1679,1680,1681,1682,1683,1684,1685,1686,1687
content:10:34 a.m.,10:04 a.m.
TupleID:22,23,24,25,26,27,28,29,30,31,32,33,34,35,36,37,38,39,40,41,42,43,44,45,46
content:1:39 p.m.,1:30 p.m.
TupleID:2315,2316,2317,2318,2319,2320,2321,2322,2323,2324,2325,2326,2327,2328,2329,2330,2331,2332,2333,2334,2335
content:10:31 a.m.,10:47 a.m.
TupleID:1773,1774,1775,1776,1777,1778,1779,1780,1781,1782,1783,1784,1785,1786,1787,1788,1789,1790,1791,1792,1793
content:6:40 p.m.,6:15 p.m.
TupleID:604,605,606,607,608,609,610,611,612,613,614,615,616,617,618,619,620,621,622,623,624,625,626,627,628,629,630,631,1543,1544,1545,1546,1547,1548,1549,1550,1551,1552,1553,1554,1555,1556,1557,1558,1559,1560,1561,1562,1563,1564
content:4:05 p.m.,3:43 p.m.
TupleID:632,633,634,635,636,637,638,639,640,641,642,643,644,645,646,647,648,649,650,651,652,653,654,655,656,657,658
content:6:46 p.m.,6:28 p.m.
TupleID:1862,1863,1864,1865,1866,1867,1868,1869,1870,1871,1872,1873,1874,1875,1876,1877,1878,1879,1880,1881,1882,1883,1884
content:7:23 a.m.,7:17 a.m.
TupleID:2159,2160,2161,2162,2163,2164,2165,2166,2167,2168,2169,2170,2171,2172,2173,2174,2175,2176,2177,2178,2179,2180,2181
content:1:17 p.m.,1:14 p.m.
TupleID:1276,1277,1278,1279,1280,1281,1282,1283,1284,1285,1286,1287,1288,1289,1290,1291,1292,1293,1294,1295,1296,1297
content:9:45 p.m.,9:53 p.m.
TupleID:47,48,49,50,51,52,53,54,55,56,57,58,59,60,61,62,63,64,65,66,67,68,69,70,71,72,73,74
content:12:35 p.m.,1:27 p.m.
TupleID:1148,1149,1150,1151,1152,1153,1154,1155,1156,1157,1158,1159,1160,1161,1162,1163,1164,1165,1166,1167,1168,1169,1170,1171,1172,1173
content:5:15 p.m.,5:34 p.m.
TupleID:1753,1754,1755,1756,1757,1758,1759,1760,1761,1762,1763,1764,1765,1766,1767,1768,1769,1770,1771,1772
content:4:57 p.m.,5:05 p.m.
TupleID:1954,1955,1956,1957,1958,1959,1960,1961,1962,1963,1964,1965,1966,1967,1968,1969,1970,1971,1972,1973,1974,1975,1976,1977,1978
content:2:35 p.m.,3:30 p.m.
TupleID:75,76,77,78,79,80,81,82,83,84,85,86,87,88,89,90,91,92,93,94,95,96,97,98,99,1222,1223,1224,1225,1226,1227,1228,1229,1230,1231,1232,1233,1234,1235,1236,1237,1238,1239,1240,1241,1242,1243,1244,1245,1246,1247,1248,1249
content:12:29 a.m.,12:29 a.m.
TupleID:1726,1727,1728,1729,1730,1731,1732,1733,1734,1735,1736,1737,1738,1739,1740,1741,1742,1743,1744,1745,1746,1747,1748,1749,1750,1751,1752
content:8:27 a.m.,8:02 a.m.
TupleID:2336,2337,2338,2339,2340,2341,2342,2343,2344,2345,2346,2347,2348,2349,2350,2351,2352,2353
content:4:49 p.m.,5:26 p.m.
TupleID:1565,1566,1567,1568,1569,1570,1571,1572,1573,1574,1575,1576,1577,1578,1579,1580,1581,1582,1583,1584,1585
content:10:45 a.m.,11:12 a.m.
TupleID:1119,1120,1121,1122,1123,1124,1125,1126,1127,1128,1129,1130,1131,1132,1133,1134,1135,1136,1137,1138,1139,1140,1141,1142,1143,1144,1145,1146,1147
content:7:53 p.m.,7:58 p.m.
TupleID:2294,2295,2296,2297,2298,2299,2300,2301,2302,2303,2304,2305,2306,2307,2308,2309,2310,2311,2312,2313,2314
content:9:20 a.m.,9:05 a.m.
TupleID:1043,1044,1045,1046,1047,1048,1049,1050,1051,1052,1053,1054,1055,1056,1057,1058,1059,1060,1061,1062,1063,1064,1065,1066,1067,1068,1069
Domain5
content:11:08 p.m.,11:08 p.m.
TupleID:2270,2271,2272,2273,2274,2275,2276,2277,2278,2279,2280,2281,2282,2283,2284,2285,2286,2287,2288,2289,2290,2291,2292,2293
content:11:55 a.m.,11:55 a.m.
TupleID:1979,1980,1981,1982,1983,1984,1985,1986,1987,1988,1989,1990,1991,1992,1993,1994,1995,1996,1997,1998,1999,2000,2001
content:12:30 p.m.,12:35 p.m.
TupleID:2086,2087,2088,2089,2090,2091,2092,2093,2094,2095,2096,2097,2098,2099,2100,2101,2102,2103,2104,2105,2106,2107,2108,2109
content:6:45 p.m.,6:55 p.m.
TupleID:916,917,918,919,920,921,922,923,924,925,926,927,928,929,930,931,932,933,934,935,936,937,938,939,940,941,942,943
content:11:25 p.m.,11:25 p.m.
TupleID:296,297,298,299,300,301,302,303,304,305,306,307,308,309,310,311,312,313,314,315,316,317,318,319,320
content:7:55 a.m.,8:04 a.m.
TupleID:477,478,479,480,481,482,483,484,485,486,487,488,489,490,491,492,493,494,495,496,497,498,499,500,501
content:4:00 p.m.,4:12 p.m.
TupleID:604,605,606,607,608,609,610,611,612,613,614,615,616,617,618,619,620,621,622,623,624,625,626,627,628,629,630,631,1500,1501,1502,1503,1504,1505,1506,1507,1508,1509,1510,1511,1512,1513,1514,1515,1516,1517,1518,1519,1520,1521,1862,1863,1864,1865,1866,1867,1868,1869,1870,1871,1872,1873,1874,1875,1876,1877,1878,1879,1880,1881,1882,1883,1884
content:7:10 a.m.,7:31 a.m.
TupleID:349,350,351,352,353,354,355,356,357,358,359,360,361,362,363,364,365,366,367,368,369,370,371,372,739,740,741,742,743,744,745,746,747,748,749,750,751,752,753,754,755,756,757,758,759,760,761,762,763,764,765,1119,1120,1121,1122,1123,1124,1125,1126,1127,1128,1129,1130,1131,1132,1133,1134,1135,1136,1137,1138,1139,1140,1141,1142,1143,1144,1145,1146,1147,1174,1175,1176,1177,1178,1179,1180,1181,1182,1183,1184,1185,1186,1187,1188,1189,1190,1191,1192,1193,1194,1195,1196,1197,1198,1199
content:6:30 p.m.,6:30 p.m.
TupleID:171,172,173,174,175,176,177,178,179,180,181,182,183,184,185,186,187,188,189,190,191,192,193,194,195,196,197,198
content:8:05 a.m.,8:00 a.m.
TupleID:1387,1388,1389,1390,1391,1392,1393,1394,1395,1396,1397,1398,1399,1400,1401,1402,1403,1404,1405,1406,1407
content:11:40 a.m.,11:56 a.m.
TupleID:1276,1277,1278,1279,1280,1281,1282,1283,1284,1285,1286,1287,1288,1289,1290,1291,1292,1293,1294,1295,1296,1297
content:2:53 p.m.,3:01 p.m.
TupleID:1365,1366,1367,1368,1369,1370,1371,1372,1373,1374,1375,1376,1377,1378,1379,1380,1381,1382,1383,1384,1385,1386
content:6:45 a.m.,6:57 a.m.
TupleID:816,817,818,819,820,821,822,823,824,825,826,827,828,829,830,831,832,833,834,835,836,837,838,839,840,841,842
content:3:50 p.m.,4:28 p.m.
TupleID:1906,1907,1908,1909,1910,1911,1912,1913,1914,1915,1916,1917,1918,1919,1920,1921,1922,1923,1924,1925,1926,1927,1928,1929
content:8:00 a.m.,8:29 a.m.
TupleID:2137,2138,2139,2140,2141,2142,2143,2144,2145,2146,2147,2148,2149,2150,2151,2152,2153,2154,2155,2156,2157,2158
content:7:10 p.m.,8:25 p.m.
TupleID:1522,1523,1524,1525,1526,1527,1528,1529,1530,1531,1532,1533,1534,1535,1536,1537,1538,1539,1540,1541,1542
content:6:59 a.m.,7:22 a.m.
TupleID:22,23,24,25,26,27,28,29,30,31,32,33,34,35,36,37,38,39,40,41,42,43,44,45,46
content:7:25 a.m.,7:39 a.m.
TupleID:426,427,428,429,430,431,432,433,434,435,436,437,438,439,440,441,442,443,444,445,446,447,448,449,450,451
content:5:25 p.m.,5:22 p.m.
TupleID:1647,1648,1649,1650,1651,1652,1653,1654,1655,1656,1657,1658,1659,1660,1661,1662,1663,1664,1665,1666,1667
content:12:00 p.m.,12:11 p.m.
TupleID:502,503,504,505,506,507,508,509,510,511,512,513,514,515,516,517,518,519,520,521,522,523,524,525,526
content:6:00 a.m.,6:10 a.m.
TupleID:659,660,661,662,663,664,665,666,667,668,669,670,671,672,673,674,675,676,677,678,679,680,681,682,683,684,685,712,713,714,715,716,717,718,719,720,721,722,723,724,725,726,727,728,729,730,731,732,733,734,735,736,737,738,1043,1044,1045,1046,1047,1048,1049,1050,1051,1052,1053,1054,1055,1056,1057,1058,1059,1060,1061,1062,1063,1064,1065,1066,1067,1068,1069,1668,1669,1670,1671,1672,1673,1674,1675,1676,1677,1678,1679,1680,1681,1682,1683,1684,1685,1686,1687,2159,2160,2161,2162,2163,2164,2165,2166,2167,2168,2169,2170,2171,2172,2173,2174,2175,2176,2177,2178,2179,2180,2181
content:11:45 a.m.,12:13 p.m.
TupleID:994,995,996,997,998,999,1000,1001,1002,1003,1004,1005,1006,1007,1008,1009,1010,1011,1012,1013,1014,1015,1016
content:2:55 p.m.,3:27 p.m.
TupleID:271,272,273,274,275,276,277,278,279,280,281,282,283,284,285,286,287,288,289,290,291,292,293,294,295,1565,1566,1567,1568,1569,1570,1571,1572,1573,1574,1575,1576,1577,1578,1579,1580,1581,1582,1583,1584,1585,1705,1706,1707,1708,1709,1710,1711,1712,1713,1714,1715,1716,1717,1718,1719,1720,1721,1722,1723,1724,1725,1842,1843,1844,1845,1846,1847,1848,1849,1850,1851,1852,1853,1854,1855,1856,1857,1858,1859,1860,1861
content:2:30 p.m.,2:48 p.m.
TupleID:1626,1627,1628,1629,1630,1631,1632,1633,1634,1635,1636,1637,1638,1639,1640,1641,1642,1643,1644,1645,1646,1794,1795,1796,1797,1798,1799,1800,1801,1802,1803,1804,1805,1806,1807,1808,1809,1810,1811,1812,1813,1814,1815,1816,1817,1818,1819,1820,2200,2201,2202,2203,2204,2205,2206,2207,2208,2209,2210,2211,2212,2213,2214,2215,2216,2217,2218,2219
content:4:55 p.m.,5:08 p.m.
TupleID:1,2,3,4,5,6,7,8,9,10,11,12,13,14,15,16,17,18,19,20,21
content:12:00 a.m.,3:11 a.m.
TupleID:1930,1931,1932,1933,1934,1935,1936,1937,1938,1939,1940,1941,1942,1943,1944,1945,1946,1947,1948,1949,1950,1951,1952,1953
content:8:15 a.m.,8:12 a.m.
TupleID:2025,2026,2027,2028,2029,2030,2031,2032,2033,2034,2035,2036,2037,2038,2039,2040,2041,2042,2043,2044
content:12:15 p.m.,12:41 p.m.
TupleID:578,579,580,581,582,583,584,585,586,587,588,589,590,591,592,593,594,595,596,597,598,599,600,601,602,603
content:3:05 p.m.,3:36 p.m.
TupleID:1250,1251,1252,1253,1254,1255,1256,1257,1258,1259,1260,1261,1262,1263,1264,1265,1266,1267,1268,1269,1270,1271,1272,1273,1274,1275
content:8:20 p.m.,8:39 p.m.
TupleID:527,528,529,530,531,532,533,534,535,536,537,538,539,540,541,542,543,544,545,546,547,548,549,550
content:8:29 a.m.,8:26 a.m.
TupleID:2002,2003,2004,2005,2006,2007,2008,2009,2010,2011,2012,2013,2014,2015,2016,2017,2018,2019,2020,2021,2022,2023,2024
content:11:15 a.m.,11:15 a.m.
TupleID:1821,1822,1823,1824,1825,1826,1827,1828,1829,1830,1831,1832,1833,1834,1835,1836,1837,1838,1839,1840,1841
content:9:00 p.m.,9:00 p.m.
TupleID:686,687,688,689,690,691,692,693,694,695,696,697,698,699,700,701,702,703,704,705,706,707,708,709,710,711
content:4:15 p.m.,4:29 p.m.
TupleID:1070,1071,1072,1073,1074,1075,1076,1077,1078,1079,1080,1081,1082,1083,1084,1085,1086,1087,1088,1089,1090,1091,1092,1093,1094,1095
content:11:50 a.m.,12:12 p.m.
TupleID:1017,1018,1019,1020,1021,1022,1023,1024,1025,1026,1027,1028,1029,1030,1031,1032,1033,1034,1035,1036,1037,1038,1039,1040,1041,1042
content:3:35 p.m.,3:36 p.m.
TupleID:971,972,973,974,975,976,977,978,979,980,981,982,983,984,985,986,987,988,989,990,991,992,993
content:3:27 p.m.,3:27 p.m.
TupleID:1885,1886,1887,1888,1889,1890,1891,1892,1893,1894,1895,1896,1897,1898,1899,1900,1901,1902,1903,1904,1905
content:1:05 p.m.,1:19 p.m.
TupleID:1222,1223,1224,1225,1226,1227,1228,1229,1230,1231,1232,1233,1234,1235,1236,1237,1238,1239,1240,1241,1242,1243,1244,1245,1246,1247,1248,1249
content:7:00 p.m.,7:14 p.m.
TupleID:1408,1409,1410,1411,1412,1413,1414,1415,1416,1417,1418,1419,1420,1421,1422,1423,1424,1425,1426,1427,1428,1429,1430
content:12:30 a.m.,12:41 a.m.
TupleID:1452,1453,1454,1455,1456,1457,1458,1459,1460,1461,1462,1463,1464,1465,1466,1467,1468,1469,1470,1471,1472,1473
content:7:35 a.m.,7:29 a.m.
TupleID:1586,1587,1588,1589,1590,1591,1592,1593,1594,1595,1596,1597,1598,1599,1600,1601,1602,1603,1604,1605,2220,2221,2222,2223,2224,2225,2226,2227,2228,2229,2230,2231,2232,2233,2234,2235,2236,2237,2238,2239,2240
content:7:30 a.m.,8:04 a.m.
TupleID:766,767,768,769,770,771,772,773,774,775,776,777,778,779,780,781,782,783,784,785,786,787,788,789,790,791
content:1:29 p.m.,1:48 p.m.
TupleID:2065,2066,2067,2068,2069,2070,2071,2072,2073,2074,2075,2076,2077,2078,2079,2080,2081,2082,2083,2084,2085
content:8:25 p.m.,8:25 p.m.
TupleID:399,400,401,402,403,404,405,406,407,408,409,410,411,412,413,414,415,416,417,418,419,420,421,422,423,424,425
content:8:41 a.m.,8:42 a.m.
TupleID:2110,2111,2112,2113,2114,2115,2116,2117,2118,2119,2120,2121,2122,2123,2124,2125,2126,2127,2128,2129,2130,2131,2132,2133,2134,2135,2136
content:9:05 a.m.,10:10 a.m.
TupleID:1148,1149,1150,1151,1152,1153,1154,1155,1156,1157,1158,1159,1160,1161,1162,1163,1164,1165,1166,1167,1168,1169,1170,1171,1172,1173,2045,2046,2047,2048,2049,2050,2051,2052,2053,2054,2055,2056,2057,2058,2059,2060,2061,2062,2063,2064
content:7:05 a.m.,7:05 a.m.
TupleID:1773,1774,1775,1776,1777,1778,1779,1780,1781,1782,1783,1784,1785,1786,1787,1788,1789,1790,1791,1792,1793
content:12:10 p.m.,12:10 p.m.
TupleID:890,891,892,893,894,895,896,897,898,899,900,901,902,903,904,905,906,907,908,909,910,911,912,913,914,915
content:8:55 a.m.,9:16 a.m.
TupleID:1688,1689,1690,1691,1692,1693,1694,1695,1696,1697,1698,1699,1700,1701,1702,1703,1704
content:10:25 a.m.,10:20 a.m.
TupleID:1431,1432,1433,1434,1435,1436,1437,1438,1439,1440,1441,1442,1443,1444,1445,1446,1447,1448,1449,1450,1451
content:7:00 a.m.,7:25 a.m.
TupleID:551,552,553,554,555,556,557,558,559,560,561,562,563,564,565,566,567,568,569,570,571,572,573,574,575,576,577
content:1:00 p.m.,2:04 p.m.
TupleID:75,76,77,78,79,80,81,82,83,84,85,86,87,88,89,90,91,92,93,94,95,96,97,98,99
content:5:30 p.m.,5:30 p.m.
TupleID:1543,1544,1545,1546,1547,1548,1549,1550,1551,1552,1553,1554,1555,1556,1557,1558,1559,1560,1561,1562,1563,1564
content:10:40 a.m.,11:05 a.m.
TupleID:321,322,323,324,325,326,327,328,329,330,331,332,333,334,335,336,337,338,339,340,341,342,343,344,345,346,347,348,792,793,794,795,796,797,798,799,800,801,802,803,804,805,806,807,808,809,810,811,812,813,814,815,865,866,867,868,869,870,871,872,873,874,875,876,877,878,879,880,881,882,883,884,885,886,887,888,889
content:10:39 a.m.,10:33 a.m.
TupleID:2182,2183,2184,2185,2186,2187,2188,2189,2190,2191,2192,2193,2194,2195,2196,2197,2198,2199
content:7:53 a.m.,7:49 a.m.
TupleID:2315,2316,2317,2318,2319,2320,2321,2322,2323,2324,2325,2326,2327,2328,2329,2330,2331,2332,2333,2334,2335
content:11:35 a.m.,11:52 a.m.
TupleID:452,453,454,455,456,457,458,459,460,461,462,463,464,465,466,467,468,469,470,471,472,473,474,475,476
content:11:05 a.m.,11:30 a.m.
TupleID:1954,1955,1956,1957,1958,1959,1960,1961,1962,1963,1964,1965,1966,1967,1968,1969,1970,1971,1972,1973,1974,1975,1976,1977,1978
content:1:45 p.m.,1:32 p.m.
TupleID:2336,2337,2338,2339,2340,2341,2342,2343,2344,2345,2346,2347,2348,2349,2350,2351,2352,2353
content:4:25 p.m.,4:25 p.m.
TupleID:1726,1727,1728,1729,1730,1731,1732,1733,1734,1735,1736,1737,1738,1739,1740,1741,1742,1743,1744,1745,1746,1747,1748,1749,1750,1751,1752
content:6:40 a.m.,6:54 a.m.
TupleID:1096,1097,1098,1099,1100,1101,1102,1103,1104,1105,1106,1107,1108,1109,1110,1111,1112,1113,1114,1115,1116,1117,1118
content:1:30 p.m.,1:30 p.m.
TupleID:1200,1201,1202,1203,1204,1205,1206,1207,1208,1209,1210,1211,1212,1213,1214,1215,1216,1217,1218,1219,1220,1221
content:8:40 a.m.,8:40 a.m.
TupleID:1298,1299,1300,1301,1302,1303,1304,1305,1306,1307,1308,1309,1310,1311,1312,1313,1314,1315,1316,1317
content:7:15 p.m.,7:15 p.m.
TupleID:1474,1475,1476,1477,1478,1479,1480,1481,1482,1483,1484,1485,1486,1487,1488,1489,1490,1491,1492,1493,1494,1495,1496,1497,1498,1499
content:9:45 a.m.,10:19 a.m.
TupleID:1318,1319,1320,1321,1322,1323,1324,1325,1326,1327,1328,1329,1330,1331,1332,1333,1334,1335,1336,1337,1338
content:4:16 p.m.,4:15 p.m.
TupleID:2354,2355,2356,2357,2358,2359,2360,2361,2362,2363,2364,2365,2366,2367,2368,2369,2370,2371,2372,2373,2374,2375,2376
content:7:15 a.m.,7:21 a.m.
TupleID:100,101,102,103,104,105,106,107,108,109,110,111,112,113,114,115,116,117,118,119,120,121,122,123,124,125,373,374,375,376,377,378,379,380,381,382,383,384,385,386,387,388,389,390,391,392,393,394,395,396,397,398
content:1:33 p.m.,1:31 p.m.
TupleID:2241,2242,2243,2244,2245,2246,2247,2248,2249,2250,2251,2252,2253,2254,2255,2256,2257,2258,2259,2260,2261,2262,2263,2264,2265,2266,2267,2268,2269
content:12:57 p.m.,1:32 p.m.
TupleID:1753,1754,1755,1756,1757,1758,1759,1760,1761,1762,1763,1764,1765,1766,1767,1768,1769,1770,1771,1772
content:8:35 a.m.,8:56 a.m.
TupleID:843,844,845,846,847,848,849,850,851,852,853,854,855,856,857,858,859,860,861,862,863,864,944,945,946,947,948,949,950,951,952,953,954,955,956,957,958,959,960,961,962,963,964,965,966,967,968,969,970
content:2:35 p.m.,2:44 p.m.
TupleID:632,633,634,635,636,637,638,639,640,641,642,643,644,645,646,647,648,649,650,651,652,653,654,655,656,657,658
content:11:25 a.m.,11:40 a.m.
TupleID:149,150,151,152,153,154,155,156,157,158,159,160,161,162,163,164,165,166,167,168,169,170,1606,1607,1608,1609,1610,1611,1612,1613,1614,1615,1616,1617,1618,1619,1620,1621,1622,1623,1624,1625
content:10:15 a.m.,10:18 a.m.
TupleID:199,200,201,202,203,204,205,206,207,208,209,210,211,212,213,214,215,216,217,218,219,220,221,222,223,224
content:11:55 p.m.,11:55 p.m.
TupleID:126,127,128,129,130,131,132,133,134,135,136,137,138,139,140,141,142,143,144,145,146,147,148
content:7:45 p.m.,7:58 p.m.
TupleID:225,226,227,228,229,230,231,232,233,234,235,236,237,238,239,240,241,242,243,244,245,246,247,248,249,250,251
content:1:55 p.m.,2:10 p.m.
TupleID:2294,2295,2296,2297,2298,2299,2300,2301,2302,2303,2304,2305,2306,2307,2308,2309,2310,2311,2312,2313,2314
content:8:00 p.m.,8:23 p.m.
TupleID:47,48,49,50,51,52,53,54,55,56,57,58,59,60,61,62,63,64,65,66,67,68,69,70,71,72,73,74
content:9:15 a.m.,9:14 a.m.
TupleID:1339,1340,1341,1342,1343,1344,1345,1346,1347,1348,1349,1350,1351,1352,1353,1354,1355,1356,1357,1358,1359,1360,1361,1362,1363,1364
content:10:45 a.m.,10:55 a.m.
TupleID:252,253,254,255,256,257,258,259,260,261,262,263,264,265,266,267,268,269,270
