Domain0
content:jackson hospital & clinic inc,36106
TupleID:542,543,544,545,546,547,548,549,550,551,552,553,554,555,556,557,558,559,560,561,562,563,564,565,566
content:eliza coffee memorial hospital,35631
TupleID:70,71,72,73,74,75,76,77,78,79,80,81,82,83,84,85,86,87,88,89,90,91,92,93,94
content:southeast alabama medical center,36302
TupleID:20,21,22,23,24,25,26,27,28,29,30,31,32,33,34,35,36,37,38,39,40,41,42,43,44
content:gadsden regional medical center,35903
TupleID:803,804,805,806,807,808,809,810,811,812,813,814,815,816,817,818,819,820,821,822,823,824,825,826,827
content:cherokee medical center,35960
TupleID:512,513,514,515,516,492,493,494,495,496,497,498,499,500,501,502,503,504,505,506,507,508,509,510,511
content:huntsville hospital,35801
TupleID:775,776,777,778,779,780,781,782,783,784,785,786,787,788,789,790,791,792,793,794,795,796,797,798,799,800,801,802
content:elba general hospital,36323
TupleID:592,593,594,595,596,597,598,599,600,601,602,603,604,605,606,607,608,609,610,611,612,613,614,615,616
content:cullman regional medical center,35058
TupleID:717,718,719,720,721,722,723,724,725,726,727,728,729,730,731,732,733,734,735,736,737,738,739,740,741
content:univ of south alabama medical center,36617
TupleID:384,385,386,387,388,389,390,391,392,380,381,382,383
content:flowers hospital,x6x05
TupleID:332,333,334,335,336,337,338,339,340,341,342,343,344,345,346,347,348
content:dale medical center,36360
TupleID:467,468,469,470,471,472,473,474,475,476,477,478,479,480,481,482,483,484,485,486,487,488,489,490,491
content:hartselle medical center,35640
TupleID:145,146,147,148,149,150,151,152,153,154,155,156,157,158,159,160,161,162,163,164,165,166,167,168,169
content:east alabama medical center and snf,36801
TupleID:640,641,617,618,619,620,621,622,623,624,625,626,627,628,629,630,631,632,633,634,635,636,637,638,639
content:riverview regional medical center,35901
TupleID:903,904,905,906,907,908,909,910,911,912,913,914,915,916,917,918,919,920,921,922,923,924,925,926,927,928,929,930
content:st vincents hospital,35205
TupleID:352,353,349,350,351
content:northwest medical center,35594
TupleID:355,356,357,358,359,360,361,362,363,364,365,366,367,368,369,370,371,372,373,374,375,376,377,378,379
content:georgiana hospital,36033
TupleID:931,932,933,934,935,936,937,938,939,940,941,942,943,944,945,946,947,948,949,950,951,952,953,954,955
content:crenshaw community hospital,36049
TupleID:128,129,130,131,132,133,134,135,136,137,138,139,140,141,142,143,144,120,121,122,123,124,125,126,127
content:g h lanier memorial hospital,36854
TupleID:576,577,578,579,580,581,582,583,584,585,586,587,588,589,590,591,567,568,569,570,571,572,573,574,575
content:medical center enterprise,36330
TupleID:960,961,962,963,964,965,966,967,968,969,970,971,972,973,974,975,976,977,978,979,980,956,957,958,959
content:community hospital inc,36078
TupleID:704,705,706,707,708,709,710,711,712,713,714,715,716,692,693,694,695,696,697,698,699,700,701,702,703
content:coosa valley medical center,35150
TupleID:416,417,418,419,420,421,422,423,424,425,426,427,428,429,430,431,432,415
content:fayette medical center,35555
TupleID:896,897,898,899,900,901,902,878,879,880,881,882,883,884,885,886,887,888,889,890,891,892,893,894,895
content:mizell memorial hospital,36467
TupleID:95,96,97,98,99,100,101,102,103,104,105,106,107,108,109,110,111,112,113,114,115,116,117,118,119
content:shelby baptist medical center,35007
TupleID:270,271,272,273,274,275,276,277,278,279,280,281,282,283,284,285,286,287,288,289,290,291,292,293,294
content:dekalb regional medical center,35968
TupleID:220,221,222,223,224,225,226,227,228,229,230,231,232,233,234,235,236,237,238,239,240,241,242,243,244
content:st vincents blount,35121
TupleID:992,993,994,995,996,997,998,999,1000,981,982,983,984,985,986,987,988,989,990,991
content:marshall medical center north,35976
TupleID:192,193,194,170,171,172,173,174,175,176,177,178,179,180,181,182,183,184,185,186,187,188,189,190,191
content:southwest alabama medical center,36784
TupleID:256,257,258,259,260,261,262,263,264,265,266,267,268,269,245,246,247,248,249,250,251,252,253,254,255
content:callahan eye foundation hospital,35233
TupleID:1,2,3,4,5,6,7,8,295,296,297,298,299,300,301,302,303,304,305,306,307,308,309,310,311
content:stringfellow memorial hospital,36201
TupleID:320,768,321,769,322,770,323,771,324,772,325,773,326,774,327,328,329,330,331,312,313,314,315,316,317,318,319,767
content:wedowee hospital,36278
TupleID:642,643,644,645,646,647,648,649,650,651,652,653,654,655,656,657,658,659,660,661,662,663,664,665,666
content:prattville baptist hospital,36067
TupleID:393,394,395,396,397,398,399,400,401,402,403,404,405,406,407,408,409,410,411,412
content:russellville hospital,35653
TupleID:413,414
content:baptist medical center south,36116
TupleID:517,518,519,520,521,522,523,524,525,526,527,528,529,530,531,532,533,534,535,536,537,538,539,540,541
content:andalusia regional hospital,36420
TupleID:742,743,744,745,746,747,748,749,750,751,752,753,754,755,756,757,758,759,760,761,762,763,764,765,766
content:chilton medical center,35045
TupleID:832,833,834,835,836,837,838,839,840,841,842,843,844,845,846,847,848,849,850,851,852,828,829,830,831
content:helen keller memorial hospital,35660
TupleID:453,454,455,456,9,457,10,458,11,459,12,460,13,461,14,462,15,463,16,464,17,465,18,466,19
content:decatur general hospital,35609
TupleID:354
content:st vincents east,35235
TupleID:195,196,197,198,199,200,201,202,203,204,205,206,207,208,209,210,211,212,213,214,215,216,217,218,219
content:alaska regional hospital,99508
TupleID:448,449,450,433,434,435,436,437,438,439,440,441,442,443,444,445,446,447
content:yukon kuskokwim delta reg hospital,99559
TupleID:451,452
content:marshall medical center south,x5957
TupleID:64,65,66,67,68,69,45,46,47,48,49,50,51,52,53,54,55,56,57,58,59,60,61,62,63
content:university of alabama hospital,x52xx
TupleID:667,668,669,670,671,672,673,674,675,676,677,678,679,680,681,682,683,684,685,686,687,688,689,690,691
content:marion regional medical center,35570
TupleID:853,854,855,856,857,858,859,860,861,862,863,864,865,866,867,868,869,870,871,872,873,874,875,876,877
Domain1
content:northwest medical center,2054877736
TupleID:355,356,357,358,359,360,361,362,363,364,365,366,367,368,369,370,371,372,373,374,375,376,377,378,379
content:decatur general hospital,2563412000
TupleID:354
content:huntsville hospital,2562651000
TupleID:775,776,777,778,779,780,781,782,783,784,785,786,787,788,789,790,791,792,793,794,795,796,797,798,799,800,801,802
content:jackson hospital & clinic inc,3342938000
TupleID:542,543,544,545,546,547,548,549,550,551,552,553,554,555,556,557,558,559,560,561,562,563,564,565,566
content:cherokee medical center,2569275531
TupleID:512,513,514,515,516,492,493,494,495,496,497,498,499,500,501,502,503,504,505,506,507,508,509,510,511
content:cullman regional medical center,2567372000
TupleID:717,718,719,720,721,722,723,724,725,726,727,728,729,730,731,732,733,734,735,736,737,738,739,740,741
content:gadsden regional medical center,2564944000
TupleID:803,804,805,806,807,808,809,810,811,812,813,814,815,816,817,818,819,820,821,822,823,824,825,826,827
content:mizell memorial hospital,3344933541
TupleID:95,96,97,98,99,100,101,102,103,104,105,106,107,108,109,110,111,112,113,114,115,116,117,118,119
content:dekalb regional medical center,2568453150
TupleID:220,221,222,223,224,225,226,227,228,229,230,231,232,233,234,235,236,237,238,239,240,241,242,243,244
content:marshall medical center north,2565718000
TupleID:192,193,194,170,171,172,173,174,175,176,177,178,179,180,181,182,183,184,185,186,187,188,189,190,191
content:east alabama medical center and snf,3347493411
TupleID:640,641,617,618,619,620,621,622,623,624,625,626,627,628,629,630,631,632,633,634,635,636,637,638,639
content:crenshaw community hospital,3343353374
TupleID:128,129,130,131,132,133,134,135,136,137,138,139,140,141,142,143,144,120,121,122,123,124,125,126,127
content:prattville baptist hospital,3343614267
TupleID:393,394,395,396,397,398,399,400,401,402,403,404,405,406,407,408,409,410,411,412
content:shelby baptist medical center,2056208100
TupleID:270,271,272,273,274,275,276,277,278,279,280,281,282,283,284,285,286,287,288,289,290,291,292,293,294
content:chilton medical center,2057552500
TupleID:832,833,834,835,836,837,838,839,840,841,842,843,844,845,846,847,848,849,850,851,852,828,829,830,831
content:flowers hospital,xx479x5000
TupleID:332,333,334,335,336,337,338,339,340,341,342,343,344,345,346,347,348
content:st vincents hospital,2059397000
TupleID:352,353,349,350,351
content:andalusia regional hospital,3342228466
TupleID:742,743,744,745,746,747,748,749,750,751,752,753,754,755,756,757,758,759,760,761,762,763,764,765,766
content:helen keller memorial hospital,2563864556
TupleID:453,454,455,456,9,457,10,458,11,459,12,460,13,461,14,462,15,463,16,464,17,465,18,466,19
content:g h lanier memorial hospital,3347561400
TupleID:576,577,578,579,580,581,582,583,584,585,586,587,588,589,590,591,567,568,569,570,571,572,573,574,575
content:russellville hospital,2563321611
TupleID:413,414
content:baptist medical center south,3342882100
TupleID:517,518,519,520,521,522,523,524,525,526,527,528,529,530,531,532,533,534,535,536,537,538,539,540,541
content:marshall medical center south,2565938310
TupleID:64,65,66,67,68,69,45,46,47,48,49,50,51,52,53,54,55,56,57,58,59,60,61,62,63
content:alaska regional hospital,9072761131
TupleID:448,449,450,433,434,435,436,437,438,439,440,441,442,443,444,445,446,447
content:elba general hospital,3348972257
TupleID:592,593,594,595,596,597,598,599,600,601,602,603,604,605,606,607,608,609,610,611,612,613,614,615,616
content:southeast alabama medical center,3347938701
TupleID:20,21,22,23,24,25,26,27,28,29,30,31,32,33,34,35,36,37,38,39,40,41,42,43,44
content:hartselle medical center,2567736511
TupleID:145,146,147,148,149,150,151,152,153,154,155,156,157,158,159,160,161,162,163,164,165,166,167,168,169
content:univ of south alabama medical center,2514717110
TupleID:384,385,386,387,388,389,390,391,392,380,381,382,383
content:callahan eye foundation hospital,2053258100
TupleID:1,2,3,4,5,6,7,8,295,296,297,298,299,300,301,302,303,304,305,306,307,308,309,310,311
content:fayette medical center,2059325966
TupleID:896,897,898,899,900,901,902,878,879,880,881,882,883,884,885,886,887,888,889,890,891,892,893,894,895
content:riverview regional medical center,x565435x00
TupleID:903,904,905,906,907,908,909,910,911,912,913,914,915,916,917,918,919,920,921,922,923,924,925,926,927,928,929,930
content:university of alabama hospital,2059344011
TupleID:667,668,669,670,671,672,673,674,675,676,677,678,679,680,681,682,683,684,685,686,687,688,689,690,691
content:eliza coffee memorial hospital,2567688400
TupleID:70,71,72,73,74,75,76,77,78,79,80,81,82,83,84,85,86,87,88,89,90,91,92,93,94
content:st vincents east,2058383122
TupleID:195,196,197,198,199,200,201,202,203,204,205,206,207,208,209,210,211,212,213,214,215,216,217,218,219
content:marion regional medical center,2059216200
TupleID:853,854,855,856,857,858,859,860,861,862,863,864,865,866,867,868,869,870,871,872,873,874,875,876,877
content:community hospital inc,3342836541
TupleID:704,705,706,707,708,709,710,711,712,713,714,715,716,692,693,694,695,696,697,698,699,700,701,702,703
content:dale medical center,3347742601
TupleID:467,468,469,470,471,472,473,474,475,476,477,478,479,480,481,482,483,484,485,486,487,488,489,490,491
content:coosa valley medical center,2562495000
TupleID:416,417,418,419,420,421,422,423,424,425,426,427,428,429,430,431,432,415
content:georgiana hospital,3343762205
TupleID:931,932,933,934,935,936,937,938,939,940,941,942,943,944,945,946,947,948,949,950,951,952,953,954,955
content:medical center enterprise,3343470584
TupleID:960,961,962,963,964,965,966,967,968,969,970,971,972,973,974,975,976,977,978,979,980,956,957,958,959
content:southwest alabama medical center,3346366221
TupleID:256,257,258,259,260,261,262,263,264,265,266,267,268,269,245,246,247,248,249,250,251,252,253,254,255
content:wedowee hospital,2563572111
TupleID:642,643,644,645,646,647,648,649,650,651,652,653,654,655,656,657,658,659,660,661,662,663,664,665,666
content:stringfellow memorial hospital,2562358900
TupleID:320,768,321,769,322,770,323,771,324,772,325,773,326,774,327,328,329,330,331,312,313,314,315,316,317,318,319,767
content:yukon kuskokwim delta reg hospital,9075436300
TupleID:451,452
content:st vincents blount,2052743000
TupleID:992,993,994,995,996,997,998,999,1000,981,982,983,984,985,986,987,988,989,990,991
Domain2
content:cac-1,childrenxwhoxreceivedxrelieverxmedicationxwhilexhospitalizedxforxasthma
TupleID:903
content:pn-3b,pneumonia patients whose initial emergency room blood culture was performed prior to the administration of the first hospital dose of antibiotics
TupleID:704,257,579,132,326,454,840,968,392,654,207,336,529,82,404,790,918,729,282,604,157,479,32,865,993,679,232,554,107,427,367,815,943,754,307,629,182,438,504,57,890
content:ami-2,heart attack patients given aspirin at discharge
TupleID:643,196,452,518,71,393,10,779,907,718,271,593,146,468,21,854,982,668,221,350,543,96,416,356,804,932,743,296,618,171,493,46,879,693,246,568,121,315,381,829,957
content:hf-3,heart failure patients given ace inhibitor or arb for left ventricular systolic dysfunction (lvsd)
TupleID:576,129,323,389,837,965,651,204,333,526,79,401,18,787,915,726,279,601,154,476,29,862,990,676,229,551,104,424,364,812,940,751,304,626,179,435,501,54,887,701,254
content:scip-inf-1,surgery patients who were given an antibiotic at the right time (within one hour before surgery) to help prevent infection
TupleID:768,896,2,710,263,585,138,460,846,974,660,213,342,535,88,410,796,924,735,288,610,163,485,38,871,999,685,238,560,113,373,821,949,760,635,188,444,510,63
content:pn-4,pneumonia patients given smoking cessation advice/counseling
TupleID:705,258,580,133,327,455,841,969,655,208,337,530,83,405,791,919,730,283,605,158,480,33,994,866,680,233,555,108,428,368,816,944,755,308,630,183,439,505,58,891
content:scip-vte-1,surgery patients whose doctors ordered treatments to prevent blood clots after certain types of surgeries
TupleID:640,193,449,515,68,773,901,7,715,268,590,143,465,851,979,665,218,347,540,93,413,801,929,740,293,615,168,490,43,876,690,243,565,118,378,826,954,765
content:pn-2,pneumonia patients assessed and given pneumococcal vaccination
TupleID:256,578,131,325,453,391,839,967,653,206,335,528,81,403,917,789,728,281,603,156,478,31,864,992,678,231,553,106,426,366,814,942,753,306,628,181,437,503,56,889,703
content:ami-5,heart attack patients given beta blocker at discharge
TupleID:384,832,960,646,199,521,74,396,13,782,910,721,274,596,149,471,24,857,985,671,224,353,546,99,419,359,807,935,746,299,621,174,496,49,882,696,249,571,124,318
content:pn-6,pneumonia patients given the most appropriate initial antibiotic(s)
TupleID:707,260,582,135,329,457,971,843,657,210,339,532,85,407,793,921,732,285,607,160,482,35,868,996,682,235,557,110,430,370,818,946,757,310,632,185,441,507,60,893
content:cac-3,children and their caregivers who received a home management plan of care document while hospitalized for asthma
TupleID:313,777,905
content:scip-card-2,surgery patients who were taking heart drugs called beta blockers before coming to the hospital who were kept on the beta blockers during the period just before and after their surgery
TupleID:1,709,262,584,137,331,459,845,973,659,212,341,534,87,409,795,923,734,287,609,162,484,37,870,998,684,237,559,112,432,372,820,948,759,634,187,443,509,62,895
content:hf-4,heart failure patients given smoking cessation advice/counseling
TupleID:577,130,324,390,838,966,652,205,334,527,80,402,19,788,916,727,280,602,155,477,30,863,991,677,230,552,105,425,365,813,941,752,305,627,180,436,502,55,888,702,255
content:ami-8a,heart attack patients given pci within 90 minutes of arrival
TupleID:320,386,834,962,648,201,523,76,398,15,784,912,723,276,598,151,473,26,859,987,673,226,548,101,421,361,809,937,748,301,623,176,498,51,884,698,251,573,126
content:ami-7a,heart attack patients given fibrinolytic medication within 30 minutes of arrival
TupleID:385,833,961,647,200,522,75,397,14,783,911,722,275,597,150,472,25,858,986,672,225,547,100,420,360,808,936,747,300,622,175,497,50,883,697,250,572,125,319
content:ami-4,heart attack patients given smoking cessation advice/counseling
TupleID:645,198,520,73,395,12,781,909,720,273,595,148,470,23,856,984,670,223,352,545,418,98,358,806,934,745,298,620,173,495,48,881,695,248,570,123,317,383,831,959
content:hf-2,heart failure patients given an evaluation of left ventricular systolic (lvs) function
TupleID:128,322,388,836,964,650,203,332,525,78,400,17,786,914,725,278,600,153,475,28,861,989,675,228,550,103,423,363,811,939,750,303,625,434,178,500,53,886,700,253,575
content:pn-5c,pneumonia patients given initial antibiotic(s) within 6 hours after arrival
TupleID:706,259,581,134,328,456,842,970,656,209,338,531,84,406,792,920,731,284,606,159,481,34,867,995,681,234,556,429,109,369,817,945,756,309,631,184,440,506,59,892
content:scip-inf-4,allxheartxsurgeryxpatientsxwhosexbloodxsugarx(bloodxglucose)xisxkeptxunderxgoodxcontrolxinxthexdaysxrightxafterxsurgery
TupleID:513,66,771,899,5,713,266,588,141,463,849,977,663,216,345,538,91,799,927,738,291,613,166,488,41,874,688,241,563,116,376,824,952,763,638,447,191
content:cac-1,children who received reliever medication while hospitalized for asthma
TupleID:767
content:scip-vte-2,patients who got treatment  at the right time (within 24 hours before or after their surgery) to help prevent blood clots after certain types of surgery
TupleID:641,194,450,516,69,774,902,8,716,269,591,144,466,852,980,666,219,348,541,94,414,354,802,930,741,294,616,169,491,44,877,691,244,566,119,379,827,955,766
content:scip-inf-3,surgery patients whose preventive antibiotics were stopped at the right time (within 24 hours after surgery)
TupleID:512,65,770,898,4,712,265,587,140,462,848,976,662,215,344,537,90,412,798,926,737,290,612,165,487,40,873,687,240,562,115,375,823,951,762,637,190,446
content:xax-1,children who received reliever medication while hospitalized for asthma
TupleID:775
content:cac-2,children who received systemic corticosteroid medication (oral and iv medication that reduces inflammation and controls symptoms) while hospitalized for asthma
TupleID:312,776,904
content:ami-1,heart attack patients given aspirin at arrival
TupleID:642,195,451,517,70,9,778,906,717,270,592,145,467,20,853,981,667,220,349,542,95,415,355,803,931,742,295,617,170,492,45,878,692,245,567,120,314,380,828,956
content:scip-inf-2,surgery patients who were given the  right kind  of antibiotic to help prevent infection
TupleID:64,769,897,3,711,264,586,139,461,847,975,661,214,343,536,89,411,797,925,736,289,611,164,486,39,872,1000,686,239,561,114,374,822,950,761,636,189,445,511
content:scip-inf-6,surgery patients needing hair removed from the surgical area before surgery who had hair removed using a safer method (electric clippers or hair removal cream c not a razor)
TupleID:192,448,514,67,772,900,6,714,267,589,142,464,850,978,664,217,346,539,92,800,928,739,292,614,167,489,42,875,689,242,564,117,377,825,953,764,639
content:pn-7,pneumonia patients assessed and given influenza vaccination
TupleID:708,261,583,136,330,458,844,972,658,211,340,533,86,408,794,922,733,286,608,161,483,36,869,997,683,236,558,111,431,371,819,947,758,311,633,186,442,508,61,894
content:hf-1,heart failure patients given discharge instructions
TupleID:321,387,835,963,649,202,524,77,399,16,785,913,724,277,599,152,474,27,860,988,674,227,549,422,102,362,810,938,749,302,624,177,433,499,52,885,699,252,574,127
content:ami-3,heart attack patients given ace inhibitor or arb for left ventricular systolic dysfunction (lvsd)
TupleID:644,197,519,72,394,11,780,908,719,272,594,147,469,22,855,983,669,222,351,544,97,417,357,805,933,744,297,619,172,494,47,880,694,247,569,122,316,382,830,958
Domain3
content:10043,chilton medical center
TupleID:832,833,834,835,836,837,838,839,840,841,842,843,844,845,846,847,848,849,850,851,852,828,829,830,831
content:20018,yukon kuskokwim delta reg hospital
TupleID:451,452
content:10056,st vincents hospital
TupleID:352,353,349,350,351
content:10035,cullman regional medical center
TupleID:717,718,719,720,721,722,723,724,725,726,727,728,729,730,731,732,733,734,735,736,737,738,739,740,741
content:10038,stringfellow memorial hospital
TupleID:320,768,321,769,322,770,323,771,324,772,325,773,326,774,327,328,329,330,331,312,313,314,315,316,317,318,319,767
content:10001,southeast alabama medical center
TupleID:20,21,22,23,24,25,26,27,28,29,30,31,32,33,34,35,36,37,38,39,40,41,42,43,44
content:10036,andalusia regional hospital
TupleID:742,743,744,745,746,747,748,749,750,751,752,753,754,755,756,757,758,759,760,761,762,763,764,765,766
content:10039,huntsville hospital
TupleID:775,776,777,778,779,780,781,782,783,784,785,786,787,788,789,790,791,792,793,794,795,796,797,798,799,800,801,802
content:10012,dekalb regional medical center
TupleID:220,221,222,223,224,225,226,227,228,229,230,231,232,233,234,235,236,237,238,239,240,241,242,243,244
content:10023,baptist medical center south
TupleID:517,518,519,520,521,522,523,524,525,526,527,528,529,530,531,532,533,534,535,536,537,538,539,540,541
content:10050,st vincents blount
TupleID:992,993,994,995,996,997,998,999,1000,981,982,983,984,985,986,987,988,989,990,991
content:10018,callahan eye foundation hospital
TupleID:1,2,3,4,5,6,7,8,295,296,297,298,299,300,301,302,303,304,305,306,307,308,309,310,311
content:10010,marshall medical center north
TupleID:192,193,194,170,171,172,173,174,175,176,177,178,179,180,181,182,183,184,185,186,187,188,189,190,191
content:10085,decatur general hospital
TupleID:354
content:10087,univ of south alabama medical center
TupleID:384,385,386,387,388,389,390,391,392,380,381,382,383
content:10049,medical center enterprise
TupleID:960,961,962,963,964,965,966,967,968,969,970,971,972,973,974,975,976,977,978,979,980,956,957,958,959
content:10086,northwest medical center
TupleID:355,356,357,358,359,360,361,362,363,364,365,366,367,368,369,370,371,372,373,374,375,376,377,378,379
content:10029,east alabama medical center and snf
TupleID:640,641,617,618,619,620,621,622,623,624,625,626,627,628,629,630,631,632,633,634,635,636,637,638,639
content:10032,wedowee hospital
TupleID:642,643,644,645,646,647,648,649,650,651,652,653,654,655,656,657,658,659,660,661,662,663,664,665,666
content:10158,russellville hospital
TupleID:413,414
content:10021,dale medical center
TupleID:467,468,469,470,471,472,473,474,475,476,477,478,479,480,481,482,483,484,485,486,487,488,489,490,491
content:10008,crenshaw community hospital
TupleID:128,129,130,131,132,133,134,135,136,137,138,139,140,141,142,143,144,120,121,122,123,124,125,126,127
content:10024,jackson hospital & clinic inc
TupleID:542,543,544,545,546,547,548,549,550,551,552,553,554,555,556,557,558,559,560,561,562,563,564,565,566
content:10045,fayette medical center
TupleID:896,897,898,899,900,901,902,878,879,880,881,882,883,884,885,886,887,888,889,890,891,892,893,894,895
content:10044,marion regional medical center
TupleID:853,854,855,856,857,858,859,860,861,862,863,864,865,866,867,868,869,870,871,872,873,874,875,876,877
content:10108,prattville baptist hospital
TupleID:393,394,395,396,397,398,399,400,401,402,403,404,405,406,407,408,409,410,411,412
content:10022,cherokee medical center
TupleID:512,513,514,515,516,492,493,494,495,496,497,498,499,500,501,502,503,504,505,506,507,508,509,510,511
content:10164,coosa valley medical center
TupleID:416,417,418,419,420,421,422,423,424,425,426,427,428,429,430,431,432,415
content:10019,helen keller memorial hospital
TupleID:453,454,455,456,9,457,10,458,11,459,12,460,13,461,462,14,15,463,16,464,17,465,18,466,19
content:10006,eliza coffee memorial hospital
TupleID:70,71,72,73,74,75,76,77,78,79,80,81,82,83,84,85,86,87,88,89,90,91,92,93,94
content:10027,elba general hospital
TupleID:592,593,594,595,596,597,598,599,600,601,602,603,604,605,606,607,608,609,610,611,612,613,614,615,616
content:10033,university of alabama hospital
TupleID:667,668,669,670,671,672,673,674,675,676,677,678,679,680,681,682,683,684,685,686,687,688,689,690,691
content:10034,community hospital inc
TupleID:704,705,706,707,708,709,710,711,712,713,714,715,716,692,693,694,695,696,697,698,699,700,701,702,703
content:10015,southwest alabama medical center
TupleID:256,257,258,259,260,261,262,263,264,265,266,267,268,269,245,246,247,248,249,250,251,252,253,254,255
content:20017,alaska regional hospital
TupleID:448,449,450,433,434,435,436,437,438,439,440,441,442,443,444,445,446,447
content:10047,georgiana hospital
TupleID:931,932,933,934,935,936,937,938,939,940,941,942,943,944,945,946,947,948,949,950,951,952,953,954,955
content:10040,gadsden regional medical center
TupleID:803,804,805,806,807,808,809,810,811,812,813,814,815,816,817,818,819,820,821,822,823,824,825,826,827
content:10055,flowers hospital
TupleID:332,333,334,335,336,337,338,339,340,341,342,343,344,345,346,347,348
content:10007,mizell memorial hospital
TupleID:95,96,97,98,99,100,101,102,103,104,105,106,107,108,109,110,111,112,113,114,115,116,117,118,119
content:10025,g h lanier memorial hospital
TupleID:576,577,578,579,580,581,582,583,584,585,586,587,588,589,590,591,567,568,569,570,571,572,573,574,575
content:10016,shelby baptist medical center
TupleID:270,271,272,273,274,275,276,277,278,279,280,281,282,283,284,285,286,287,288,289,290,291,292,293,294
content:10046,riverview regional medical center
TupleID:903,904,905,906,907,908,909,910,911,912,913,914,915,916,917,918,919,920,921,922,923,924,925,926,927,928,929,930
content:10005,marshall medical center south
TupleID:64,65,66,67,68,69,45,46,47,48,49,50,51,52,53,54,55,56,57,58,59,60,61,62,63
content:10011,st vincents east
TupleID:195,196,197,198,199,200,201,202,203,204,205,206,207,208,209,210,211,212,213,214,215,216,217,218,219
content:10009,hartselle medical center
TupleID:145,146,147,148,149,150,151,152,153,154,155,156,157,158,159,160,161,162,163,164,165,166,167,168,169
Domain4
content:scip-inf-6,surgical infection prevention
TupleID:192,448,514,67,772,900,6,714,267,589,142,464,850,978,664,217,346,539,92,800,928,739,292,614,167,489,42,875,689,242,564,117,377,825,953,764,639
content:pn-7,pneumonia
TupleID:708,261,583,136,330,458,844,972,658,211,340,533,86,408,794,922,733,286,608,161,483,36,869,997,683,236,558,111,431,371,819,947,758,311,633,186,442,508,61,894
content:scip-vte-2,surgical infection prevention
TupleID:641,194,450,516,69,774,902,8,716,269,591,144,466,852,980,666,219,348,541,94,414,354,802,930,741,294,616,169,491,44,877,691,244,566,119,379,827,955,766
content:pn-6,pneumonix
TupleID:507
content:hf-2,heart failure
TupleID:128,322,388,836,964,650,203,332,525,78,400,17,786,914,725,278,600,153,475,28,861,989,675,228,550,103,423,363,811,939,750,303,625,434,178,500,53,886,700,253,575
content:scip-inf-3,surgical infection prevention
TupleID:512,65,770,898,4,712,265,587,140,462,848,976,662,215,344,537,90,412,798,926,737,290,612,165,487,40,873,687,240,562,115,375,823,951,762,637,190,446
content:pn-5c,pneumonia
TupleID:706,259,581,134,328,456,842,970,656,209,338,531,84,406,792,920,731,284,606,159,481,34,867,995,681,234,556,429,109,369,817,945,756,309,631,184,440,506,59,892
content:cac-2,children s asthma care
TupleID:312,776,904
content:pn-6,pneumonxa
TupleID:632
content:pn-3b,pneumonia
TupleID:704,257,579,132,326,454,840,968,392,654,207,336,529,82,404,790,918,729,282,604,157,479,32,865,993,679,232,554,107,427,367,815,943,754,307,629,182,438,504,57,890
content:hf-3,heart failure
TupleID:576,129,323,389,837,965,651,204,333,526,79,401,18,787,915,726,279,601,154,476,29,862,990,676,229,551,104,424,364,812,940,751,304,626,179,435,501,54,887,701,254
content:ami-2,heart attack
TupleID:643,196,452,518,71,393,10,779,907,718,271,593,146,468,21,854,982,668,221,350,543,96,416,356,804,932,743,296,618,171,493,46,879,693,246,568,121,315,381,829,957
content:pn-2,pneumonia
TupleID:256,578,131,325,453,391,839,967,653,206,335,528,81,403,917,789,728,281,603,156,478,31,864,992,678,231,553,106,426,366,814,942,753,306,628,181,437,503,56,889,703
content:scip-card-2,surgical infection prevention
TupleID:1,709,262,584,137,331,459,845,973,659,212,341,534,87,409,795,923,734,287,609,162,484,37,870,998,684,237,559,112,432,372,820,948,759,634,187,443,509,62,895
content:ami-1,heart attack
TupleID:642,195,451,517,70,9,778,906,717,270,592,145,467,20,853,981,667,220,349,542,95,415,355,803,931,742,295,617,170,492,45,878,692,245,567,120,314,380,828,956
content:ami-5,heart attack
TupleID:384,832,960,646,199,521,74,396,13,782,910,721,274,596,149,471,24,857,985,671,224,353,546,99,419,359,807,935,746,299,621,174,496,49,882,696,249,571,124,318
content:ami-4,heart attack
TupleID:645,198,520,73,395,12,781,909,720,273,595,148,470,23,856,984,670,223,352,545,418,98,358,806,934,745,298,620,173,495,48,881,695,248,570,123,317,383,831,959
content:pnx6,pneumonia
TupleID:843
content:ami-8a,heart attack
TupleID:320,386,834,962,648,201,523,76,398,15,784,912,723,276,598,151,473,26,859,987,673,226,548,101,421,361,809,937,748,301,623,176,498,51,884,698,251,573,126
content:ami-3,heart attack
TupleID:644,197,519,72,394,11,780,908,719,272,594,147,469,22,855,983,669,222,351,544,97,417,357,805,933,744,297,619,172,494,47,880,694,247,569,122,316,382,830,958
content:cac-3,children s asthma care
TupleID:313,777,905
content:pn-6,pnexmonia
TupleID:370
content:scip-inf-2,surgical infection prevention
TupleID:64,769,897,3,711,264,586,139,461,847,975,661,214,343,536,89,411,797,925,736,289,611,164,486,39,872,1000,686,239,561,114,374,822,950,761,636,189,445,511
content:ami-7a,heart attack
TupleID:385,833,961,647,200,522,75,397,14,783,911,722,275,597,150,472,25,858,986,672,225,547,100,420,360,808,936,747,300,622,175,497,50,883,697,250,572,125,319
content:cac-1,children s asthma care
TupleID:903,775,767
content:pn-4,pneumonia
TupleID:705,258,580,133,327,455,841,969,655,208,337,530,83,405,791,919,730,283,605,158,480,33,994,866,680,233,555,108,428,368,816,944,755,308,630,183,439,505,58,891
content:scip-vte-1,surgical infection prevention
TupleID:640,193,449,515,68,773,901,7,715,268,590,143,465,851,979,665,218,347,540,93,413,801,929,740,293,615,168,490,43,876,690,243,565,118,378,826,954,765
content:hf-1,hxart failurx
TupleID:321,387,835,963,649,202,524,77,399,16,785,913,724,277,599,152,474,27,860,988,674,227,549,422,102,362,810,938,749,302,624,177,433,499,52,885,699,252,574,127
content:scip-inf-1,surgical infection prevention
TupleID:768,896,2,710,263,585,138,460,846,974,660,213,342,535,88,410,796,924,735,288,610,163,485,38,871,999,685,238,560,113,373,821,949,760,635,188,444,510,63
content:hf-4,heart failure
TupleID:577,130,324,390,838,966,652,205,334,527,80,402,19,788,916,727,280,602,155,477,30,863,991,677,230,552,105,425,365,813,941,752,305,627,180,436,502,55,888,702,255
content:pn-6,pneumonia
TupleID:707,260,582,135,329,457,971,657,210,339,532,85,407,793,921,732,285,607,160,482,35,868,996,682,235,557,110,430,818,946,757,310,185,441,60,893
content:scip-inf-4,surgical infection prevention
TupleID:513,66,771,899,5,713,266,588,141,463,849,977,663,216,345,538,91,799,927,738,291,613,166,488,41,874,688,241,563,116,376,824,952,763,638,447,191
Domain5
content:prattville baptist hospital,124 s memorial dr
TupleID:393,394,395,396,397,398,399,400,401,402,403,404,405,406,407,408,409,410,411,412
content:callahan eye foundation hospital,1720 university blvd
TupleID:1,2,3,4,5,6,7,8,295,296,297,298,299,300,301,302,303,304,305,306,307,308,309,310,311
content:chilton medical center,1010 lay dam road
TupleID:832,833,834,835,836,837,838,839,840,841,842,843,844,845,846,847,848,849,850,851,852,828,829,830,831
content:marshall medical center south,2505 u s highway 431 north
TupleID:64,65,66,67,68,69,45,46,47,48,49,50,51,52,53,54,55,56,57,58,59,60,61,62,63
content:andalusia regional hospital,849 south three notch street
TupleID:742,743,744,745,746,747,748,749,750,751,752,753,754,755,756,757,758,759,760,761,762,763,764,765,766
content:elba general hospital,987 drayton street
TupleID:592,593,594,595,596,597,598,599,600,601,602,603,604,605,606,607,608,609,610,611,612,613,614,615,616
content:st vincents hospital,810 st vincents drive
TupleID:352,353,349,350,351
content:southeast alabama medical center,1108 ross clark circle
TupleID:20,21,22,23,24,25,26,27,28,29,30,31,32,33,34,35,36,37,38,39,40,41,42,43,44
content:helen keller memorial hospital,1300 south montgomery avenue
TupleID:453,454,455,456,9,457,10,458,11,459,12,460,13,461,14,462,15,463,16,464,17,465,18,466,19
content:cherokee medical center,400 northwood dr
TupleID:512,513,514,515,516,492,493,494,495,496,497,498,499,500,501,502,503,504,505,506,507,508,509,510,511
content:jackson hospital & clinic inc,1725 pine street
TupleID:542,543,544,545,546,547,548,549,550,551,552,553,554,555,556,557,558,559,560,561,562,563,564,565,566
content:hartselle medical center,201 pine street northwest
TupleID:145,146,147,148,149,150,151,152,153,154,155,156,157,158,159,160,161,162,163,164,165,166,167,168,169
content:shelby baptist medical center,1000 first street north
TupleID:270,271,272,273,274,275,276,277,278,279,280,281,282,283,284,285,286,287,288,289,290,291,292,293,294
content:marion regional medical center,1256 military street south
TupleID:853,854,855,856,857,858,859,860,861,862,863,864,865,866,867,868,869,870,871,872,873,874,875,876,877
content:east alabama medical center and snf,2000 pepperell parkway
TupleID:640,641,617,618,619,620,621,622,623,624,625,626,627,628,629,630,631,632,633,634,635,636,637,638,639
content:community hospital inc,805 friendship road
TupleID:704,705,706,707,708,709,710,711,712,713,714,715,716,692,693,694,695,696,697,698,699,700,701,702,703
content:yukon kuskokwim delta reg hospital,po box 287
TupleID:451,452
content:stringfellow memorial hospital,301 east 18th st
TupleID:320,768,321,769,322,770,323,771,324,772,325,773,326,774,327,328,329,330,331,312,313,314,315,316,317,318,319,767
content:medical center enterprise,400 n edwards street
TupleID:960,961,962,963,964,965,966,967,968,969,970,971,972,973,974,975,976,977,978,979,980,956,957,958,959
content:decatur general hospital,1201 7th street se
TupleID:354
content:huntsville hospital,101 sivley rd
TupleID:775,776,777,778,779,780,781,782,783,784,785,786,787,788,789,790,791,792,793,794,795,796,797,798,799,800,801,802
content:marshall medical center north,8000 alabama highway 69
TupleID:192,193,194,170,171,172,173,174,175,176,177,178,179,180,181,182,183,184,185,186,187,188,189,190,191
content:coosa valley medical center,315 w hickory st
TupleID:416,417,418,419,420,421,422,423,424,425,426,427,428,429,430,431,432,415
content:mizell memorial hospital,702 n main st
TupleID:95,96,97,98,99,100,101,102,103,104,105,106,107,108,109,110,111,112,113,114,115,116,117,118,119
content:dekalb regional medical center,200 med center drive
TupleID:220,221,222,223,224,225,226,227,228,229,230,231,232,233,234,235,236,237,238,239,240,241,242,243,244
content:northwest medical center,1530 u s highway 43
TupleID:355,356,357,358,359,360,361,362,363,364,365,366,367,368,369,370,371,372,373,374,375,376,377,378,379
content:fayette medical center,1653 temple avenue north
TupleID:896,897,898,899,900,901,902,878,879,880,881,882,883,884,885,886,887,888,889,890,891,892,893,894,895
content:dale medical center,126 hospital ave
TupleID:467,468,469,470,471,472,473,474,475,476,477,478,479,480,481,482,483,484,485,486,487,488,489,490,491
content:eliza coffee memorial hospital,205 marengo street
TupleID:70,71,72,73,74,75,76,77,78,79,80,81,82,83,84,85,86,87,88,89,90,91,92,93,94
content:gadsden regional medical center,1007 goodyear avenue
TupleID:803,804,805,806,807,808,809,810,811,812,813,814,815,816,817,818,819,820,821,822,823,824,825,826,827
content:southwest alabama medical center,33700 highway 43
TupleID:256,257,258,259,260,261,262,263,264,265,266,267,268,269,245,246,247,248,249,250,251,252,253,254,255
content:univ of south alabama medical center,2451 fillingim street
TupleID:384,385,386,387,388,389,390,391,392,380,381,382,383
content:flowers hospital,4370 west main street
TupleID:332,333,334,335,336,337,338,339,340,341,342,343,344,345,346,347,348
content:baptist medical center south,2105 east south boulevard
TupleID:517,518,519,520,521,522,523,524,525,526,527,528,529,530,531,532,533,534,535,536,537,538,539,540,541
content:georgiana hospital,515 miranda st
TupleID:931,932,933,934,935,936,937,938,939,940,941,942,943,944,945,946,947,948,949,950,951,952,953,954,955
content:russellville hospital,15155 highway 43
TupleID:413,414
content:st vincents blount,150 gilbreath drive
TupleID:992,993,994,995,996,997,998,999,1000,981,982,983,984,985,986,987,988,989,990,991
content:st vincents east,50 medical park east drive
TupleID:195,196,197,198,199,200,201,202,203,204,205,206,207,208,209,210,211,212,213,214,215,216,217,218,219
content:university of alabama hospital,619 south 19th street
TupleID:667,668,669,670,671,672,673,674,675,676,677,678,679,680,681,682,683,684,685,686,687,688,689,690,691
content:crenshaw community hospital,101 hospital circle
TupleID:128,129,130,131,132,133,134,135,136,137,138,139,140,141,142,143,144,120,121,122,123,124,125,126,127
content:alaska regional hospital,2801 debarr road
TupleID:448,449,450,433,434,435,436,437,438,439,440,441,442,443,444,445,446,447
content:g h lanier memorial hospital,4800 48th st
TupleID:576,577,578,579,580,581,582,583,584,585,586,587,588,589,590,591,567,568,569,570,571,572,573,574,575
content:wedowee hospital,209 north main street
TupleID:642,643,644,645,646,647,648,649,650,651,652,653,654,655,656,657,658,659,660,661,662,663,664,665,666
content:cullman regional medical center,1912 alabama highway 157
TupleID:717,718,719,720,721,722,723,724,725,726,727,728,729,730,731,732,733,734,735,736,737,738,739,740,741
content:riverview regional medical center,600 south third street
TupleID:903,904,905,906,907,908,909,910,911,912,913,914,915,916,917,918,919,920,921,922,923,924,925,926,927,928,929,930
Domain6
content:hartselle medical center,proprietary
TupleID:145,146,147,148,149,150,151,152,153,154,155,156,157,158,159,160,161,162,163,164,165,166,167,168,169
content:wedowee hospital,government - local
TupleID:642,643,644,645,646,647,648,649,650,651,652,653,654,655,656,657,658,659,660,661,662,663,664,665,666
content:yukon kuskokwim delta reg hospital,government - federal
TupleID:451,452
content:baptist medical center south,voluntary non-profit - church
TupleID:517,518,519,520,521,522,523,524,525,526,527,528,529,530,531,532,533,534,535,536,537,538,539,540,541
content:marion regional medical center,voluntary non-profit - private
TupleID:853,854,855,856,857,858,859,860,861,862,863,864,865,866,867,868,869,870,871,872,873,874,875,876,877
content:alaska regional hospital,proprietary
TupleID:448,449,450,433,434,435,436,437,438,439,440,441,442,443,444,445,446,447
content:marshall medical center north,government - hospital district or authority
TupleID:192,193,194,170,171,172,173,174,175,176,177,178,179,180,181,182,183,184,185,186,187,188,189,190,191
content:andalusia regional hospital,proprietary
TupleID:742,743,744,745,746,747,748,749,750,751,752,753,754,755,756,757,758,759,760,761,762,763,764,765,766
content:prattville baptist hospital,voluntary non-profit - private
TupleID:393,394,395,396,397,398,399,400,401,402,403,404,405,406,407,408,409,410,411,412
content:jackson hospital & clinic inc,voluntary non-profit - private
TupleID:542,543,544,545,546,547,548,549,550,551,552,553,554,555,556,557,558,559,560,561,562,563,564,565,566
content:callahan eye foundation hospital,voluntary non-profit - private
TupleID:1,2,3,4,5,6,7,8,295,296,297,298,299,300,301,302,303,304,305,306,307,308,309,310,311
content:st vincents east,voluntary non-profit - private
TupleID:195,196,197,198,199,200,201,202,203,204,205,206,207,208,209,210,211,212,213,214,215,216,217,218,219
content:shelby baptist medical center,voluntary non-profit - church
TupleID:270,271,272,273,274,275,276,277,278,279,280,281,282,283,284,285,286,287,288,289,290,291,292,293,294
content:university of alabama hospital,government - state
TupleID:667,668,669,670,671,672,673,674,675,676,677,678,679,680,681,682,683,684,685,686,687,688,689,690,691
content:cherokee medical center,voluntary non-profit - private
TupleID:512,513,514,515,516,492,493,494,495,496,497,498,499,500,501,502,503,504,505,506,507,508,509,510,511
content:cullman regional medical center,government - hospital district or authority
TupleID:717,718,719,720,721,722,723,724,725,726,727,728,729,730,731,732,733,734,735,736,737,738,739,740,741
content:decatur general hospital,government - hospital district or authority
TupleID:354
content:community hospital inc,voluntary non-profit - private
TupleID:704,705,706,707,708,709,710,711,712,713,714,715,716,692,693,694,695,696,697,698,699,700,701,702,703
content:mizell memorial hospital,voluntary non-profit - private
TupleID:95,96,97,98,99,100,101,102,103,104,105,106,107,108,109,110,111,112,113,114,115,116,117,118,119
content:medical center enterprise,proprietary
TupleID:960,961,962,963,964,965,966,967,968,969,970,971,972,973,974,975,976,977,978,979,980,956,957,958,959
content:northwest medical center,proprietary
TupleID:355,356,357,358,359,360,361,362,363,364,365,366,367,368,369,370,371,372,373,374,375,376,377,378,379
content:southwest alabama medical center,government - federal
TupleID:256,257,258,259,260,261,262,263,264,265,266,267,268,269,245,246,247,248,249,250,251,252,253,254,255
content:g h lanier memorial hospital,voluntary non-profit - other
TupleID:576,577,578,579,580,581,582,583,584,585,586,587,588,589,590,591,567,568,569,570,571,572,573,574,575
content:coosa valley medical center,voluntary non-profit - other
TupleID:416,417,418,419,420,421,422,423,424,425,426,427,428,429,430,431,432,415
content:fayette medical center,voluntary non-profit - other
TupleID:896,897,898,899,900,901,902,878,879,880,881,882,883,884,885,886,887,888,889,890,891,892,893,894,895
content:univ of south alabama medical center,government - state
TupleID:384,385,386,387,388,389,390,391,392,380,381,382,383
content:marshall medical center south,government - hospital district or authority
TupleID:64,65,66,67,68,69,45,46,47,48,49,50,51,52,53,54,55,56,57,58,59,60,61,62,63
content:east alabama medical center and snf,government - hospital district or authority
TupleID:640,641,617,618,619,620,621,622,623,624,625,626,627,628,629,630,631,632,633,634,635,636,637,638,639
content:russellville hospital,proprietary
TupleID:413,414
content:dale medical center,government - hospital district or authority
TupleID:467,468,469,470,471,472,473,474,475,476,477,478,479,480,481,482,483,484,485,486,487,488,489,490,491
content:southeast alabama medical center,government - hospital district or authority
TupleID:20,21,22,23,24,25,26,27,28,29,30,31,32,33,34,35,36,37,38,39,40,41,42,43,44
content:crenshaw community hospital,government - federal
TupleID:128,129,130,131,132,133,134,135,136,137,138,139,140,141,142,143,144,120,121,122,123,124,125,126,127
content:dekalb regional medical center,voluntary non-profit - church
TupleID:220,221,222,223,224,225,226,227,228,229,230,231,232,233,234,235,236,237,238,239,240,241,242,243,244
content:st vincents hospital,voluntary non-profit - other
TupleID:352,353,349,350,351
content:georgiana hospital,voluntary non-profit - private
TupleID:931,932,933,934,935,936,937,938,939,940,941,942,943,944,945,946,947,948,949,950,951,952,953,954,955
content:riverview regional medical center,proprietary
TupleID:903,904,905,906,907,908,909,910,911,912,913,914,915,916,917,918,919,920,921,922,923,924,925,926,927,928,929,930
content:st vincents blount,voluntary non-profit - private
TupleID:992,993,994,995,996,997,998,999,1000,981,982,983,984,985,986,987,988,989,990,991
content:elba general hospital,voluntary non-profit - other
TupleID:592,593,594,595,596,597,598,599,600,601,602,603,604,605,606,607,608,609,610,611,612,613,614,615,616
content:helen keller memorial hospital,government - hospital district or authority
TupleID:453,454,455,456,9,457,10,458,11,459,12,460,13,461,14,462,15,463,16,464,17,465,18,466,19
content:huntsville hospital,government - hospital district or authority
TupleID:775,776,777,778,779,780,781,782,783,784,785,786,787,788,789,790,791,792,793,794,795,796,797,798,799,800,801,802
content:chilton medical center,voluntary non-profit - private
TupleID:832,833,834,835,836,837,838,839,840,841,842,843,844,845,846,847,848,849,850,851,852,828,829,830,831
content:stringfellow memorial hospital,proprietary
TupleID:320,768,321,769,322,770,323,771,324,772,325,773,326,774,327,328,329,330,331,312,313,314,315,316,317,318,319,767
content:flowers hospital,proprietary
TupleID:332,333,334,335,336,337,338,339,340,341,342,343,344,345,346,347,348
content:eliza coffee memorial hospital,voluntary non-profit - other
TupleID:70,71,72,73,74,75,76,77,78,79,80,81,82,83,84,85,86,87,88,89,90,91,92,93,94
content:gadsden regional medical center,proprietary
TupleID:803,804,805,806,807,808,809,810,811,812,813,814,815,816,817,818,819,820,821,822,823,824,825,826,827
Domain7
content:sylacauga,talladega
TupleID:416,417,418,419,420,421,422,423,424,425,426,427,428,429,430,431,432,415
content:anniston,calhoun
TupleID:320,768,321,769,322,770,323,771,324,772,325,773,326,774,327,328,329,330,331,312,313,314,315,316,317,318,319,767
content:wedowee,randolph
TupleID:642,643,644,645,646,647,648,649,650,651,652,653,654,655,656,657,658,659,660,661,662,663,664,665,666
content:ozark,dale
TupleID:467,468,469,470,471,472,473,474,475,476,477,478,479,480,481,482,483,484,485,486,487,488,489,490,491
content:birmingham,jefferson
TupleID:1,2,3,4,5,6,7,8,667,668,669,670,671,672,673,674,675,676,677,678,295,679,296,680,297,681,298,682,299,683,300,684,301,685,302,686,303,687,304,688,305,689,306,690,307,691,308,309,310,311,195,196,197,198,199,200,201,202,203,204,205,206,207,208,209,210,211,212,213,214,215,216,217,218,219,349,350,351,352,353
content:tallassee,elmore
TupleID:704,705,706,707,708,709,710,711,712,713,714,715,716,692,693,694,695,696,697,698,699,700,701,702,703
content:gadsden,etowah
TupleID:903,904,905,906,907,908,909,910,911,912,913,914,915,916,917,918,919,920,921,922,923,924,925,926,927,928,929,930,803,804,805,806,807,808,809,810,811,812,813,814,815,816,817,818,819,820,821,822,823,824,825,826,827
content:centre,cherokee
TupleID:512,513,514,515,516,492,493,494,495,496,497,498,499,500,501,502,503,504,505,506,507,508,509,510,511
content:florence,lauderdale
TupleID:70,71,72,73,74,75,76,77,78,79,80,81,82,83,84,85,86,87,88,89,90,91,92,93,94
content:russellville,franklin
TupleID:413,414
content:elba,coffee
TupleID:592,593,594,595,596,597,598,599,600,601,602,603,604,605,606,607,608,609,610,611,612,613,614,615,616
content:montgomery,montgomery
TupleID:517,518,519,520,521,522,523,524,525,526,527,528,529,530,531,532,533,534,535,536,537,538,539,540,541,542,543,544,545,546,547,548,549,550,551,552,553,554,555,556,557,558,559,560,561,562,563,564,565,566
content:hartselle,morgan
TupleID:145,146,147,148,149,150,151,152,153,154,155,156,157,158,159,160,161,162,163,164,165,166,167,168,169
content:fayette,fayette
TupleID:896,897,898,899,900,901,902,878,879,880,881,882,883,884,885,886,887,888,889,890,891,892,893,894,895
content:mobile,mobile
TupleID:384,385,386,387,388,389,390,391,392,380,381,382,383
content:opp,covington
TupleID:95,96,97,98,99,100,101,102,103,104,105,106,107,108,109,110,111,112,113,114,115,116,117,118,119
content:alabaster,shelby
TupleID:270,271,272,273,274,275,276,277,278,279,280,281,282,283,284,285,286,287,288,289,290,291,292,293,294
content:fort payne,xe kalb
TupleID:220,221,222,223,224,225,226,227,228,229,230,231,232,233,234,235,236,237,238,239,240,241,242,243,244
content:clanton,chilton
TupleID:832,833,834,835,836,837,838,839,840,841,842,843,844,845,846,847,848,849,850,851,852,828,829,830,831
content:anchoraxe,anchorage
TupleID:438
content:sheffield,jefferson
TupleID:453,454,455,456,9,457,10,458,459,11,12,460,13,461,14,462,15,463,16,464,17,465,18,466,19
content:bethel,bethel
TupleID:451,452
content:valley,chambers
TupleID:576,577,578,579,580,581,582,583,584,585,586,587,588,589,590,591,567,568,569,570,571,572,573,574,575
content:opelika,lee
TupleID:640,641,617,618,619,620,621,622,623,624,625,626,627,628,629,630,631,632,633,634,635,636,637,638,639
content:luverne,crenshaw
TupleID:128,129,130,131,132,133,134,135,136,137,138,139,140,141,142,143,144,120,121,122,123,124,125,126,127
content:dothan,houston
TupleID:332,333,334,335,336,337,338,339,20,340,21,341,22,342,23,343,24,344,25,345,26,346,27,347,28,348,29,30,31,32,33,34,35,36,37,38,39,40,41,42,43,44
content:boaz,marshall
TupleID:64,65,66,67,68,69,45,46,47,48,49,50,51,52,53,54,55,56,57,58,59,60,61,62,63
content:huntsville,madison
TupleID:775,776,777,778,779,780,781,782,783,784,785,786,787,788,789,790,791,792,793,794,795,796,797,798,799,800,801,802
content:guntersville,marshall
TupleID:192,193,194,170,171,172,173,174,175,176,177,178,179,180,181,182,183,184,185,186,187,188,189,190,191
content:andalusia,covington
TupleID:742,743,744,745,746,747,748,749,750,751,752,753,754,755,756,757,758,759,760,761,762,763,764,765,766
content:cullman,cullman
TupleID:717,718,719,720,721,722,723,724,725,726,727,728,729,730,731,732,733,734,735,736,737,738,739,740,741
content:decatur,morgan
TupleID:354
content:anchorage,anchorage
TupleID:448,449,450,433,434,435,436,437,439,440,441,442,443,444,445,446,447
content:hamilton,marion
TupleID:853,854,855,856,857,858,859,860,861,862,863,864,865,866,867,868,869,870,871,872,873,874,875,876,877
content:winfield,marion
TupleID:355,356,357,358,359,360,361,362,363,364,365,366,367,368,369,370,371,372,373,374,375,376,377,378,379
content:thomasville,clarke
TupleID:256,257,258,259,260,261,262,263,264,265,266,267,268,269,245,246,247,248,249,250,251,252,253,254,255
content:prattville,autauga
TupleID:393,394,395,396,397,398,399,400,401,402,403,404,405,406,407,408,409,410,411,412
content:oneonta,blount
TupleID:992,993,994,995,996,997,998,999,1000,981,982,983,984,985,986,987,988,989,990,991
content:enterprise,coffee
TupleID:960,961,962,963,964,965,966,967,968,969,970,971,972,973,974,975,976,977,978,979,980,956,957,958,959
content:georgiana,butler
TupleID:931,932,933,934,935,936,937,938,939,940,941,942,943,944,945,946,947,948,949,950,951,952,953,954,955
Domain8
content:36467,no
TupleID:95,96,97,98,99,100,101,102,103,104,105,106,107,108,109,110,111,112,113,114,115,116,117,118,119
content:35968,yes
TupleID:220,221,222,223,224,225,226,227,228,229,230,231,232,233,234,235,236,237,238,239,240,241,242,243,244
content:36278,no
TupleID:642,643,644,645,646,647,648,649,650,651,652,653,654,655,656,657,658,659,660,661,662,663,664,665,666
content:36106,yes
TupleID:542,543,544,545,546,547,548,549,550,551,552,553,554,555,556,557,558,559,560,561,562,563,564,565,566
content:99508,yes
TupleID:448,449,450,433,434,435,436,437,438,439,440,441,442,443,444,445,446,447
content:35903,yes
TupleID:803,804,805,806,807,808,809,810,811,812,813,814,815,816,817,818,819,820,821,822,823,824,825,826,827
content:99559,no
TupleID:451,452
content:35594,yes
TupleID:355,356,357,358,359,360,361,362,363,364,365,366,367,368,369,370,371,372,373,374,375,376,377,378,379
content:x5150,no
TupleID:421
content:35233,yes
TupleID:1,2,3,4,5,6,7,8,667,668,669,670,671,672,673,674,675,676,677,678,295,679,296,680,297,681,298,682,299,683,300,684,301,685,302,686,303,687,304,688,305,689,306,690,307,691,308,309,310,311
content:36330,yes
TupleID:960,961,962,963,964,965,966,967,968,969,970,971,972,973,974,975,976,977,978,979,980,956,957,958,959
content:35653,yes
TupleID:413,414
content:35640,yes
TupleID:145,146,147,148,149,150,151,152,153,154,155,156,157,158,159,160,161,162,163,164,165,166,167,168,169
content:35631,yes
TupleID:70,71,72,73,74,75,76,77,78,79,80,81,82,83,84,85,86,87,88,89,90,91,92,93,94
content:36116,yes
TupleID:517,518,519,520,521,522,523,524,525,526,527,528,529,530,531,532,533,534,535,536,537,538,539,540,541
content:35235,yes
TupleID:195,196,197,198,199,200,201,202,203,204,205,206,207,208,209,210,211,212,213,214,215,216,217,218,219
content:36302,yes
TupleID:20,21,22,23,24,25,26,27,28,29,30,31,32,33,34,35,36,37,38,39,40,41,42,43,44
content:35570,yes
TupleID:853,854,855,856,857,858,859,860,861,862,863,864,865,866,867,868,869,870,871,872,873,874,875,876,877
content:36305,yes
TupleID:332,333,334,335,336,337,338,339,340,341,342,343,344,345,346,347,348
content:36323,yes
TupleID:592,593,594,595,596,597,598,599,600,601,602,603,604,605,606,607,608,609,610,611,612,613,614,615,616
content:35150,xo
TupleID:419
content:35801,yes
TupleID:775,776,777,778,779,780,781,782,783,784,785,786,787,788,789,790,791,792,793,794,795,796,797,798,799,800,801,802
content:35976,yes
TupleID:192,193,194,170,171,172,173,174,175,176,177,178,179,180,181,182,183,184,185,186,187,188,189,190,191
content:36801,yes
TupleID:640,641,617,618,619,620,621,622,623,624,625,626,627,628,629,630,631,632,633,634,635,636,637,638,639
content:3x1x0,no
TupleID:429
content:36420,no
TupleID:742,743,744,745,746,747,748,749,750,751,752,753,754,755,756,757,758,759,760,761,762,763,764,765,766
content:36201,yes
TupleID:320,768,321,769,322,770,323,771,324,772,325,773,774,326,327,328,329,330,331,312,313,314,315,316,317,318,319,767
content:35007,yes
TupleID:270,271,272,273,274,275,276,277,278,279,280,281,282,283,284,285,286,287,288,289,290,291,292,293,294
content:35045,yes
TupleID:832,833,834,835,836,837,838,839,840,841,842,843,844,845,846,847,848,849,850,851,852,828,829,830,831
content:35957,yes
TupleID:64,65,66,67,68,69,45,46,47,48,49,50,51,52,53,54,55,56,57,58,59,60,61,62,63
content:35121,yes
TupleID:992,993,994,995,996,997,998,999,1000,981,982,983,984,985,986,987,988,989,990,991
content:36067,yes
TupleID:393,394,395,396,397,398,399,400,401,402,403,404,405,406,407,408,409,410,411,412
content:35150,no
TupleID:416,417,418,420,422,423,424,425,426,427,428,430,431,432,415
content:35901,yes
TupleID:903,904,905,906,907,908,909,910,911,912,913,914,915,916,917,918,919,920,921,922,923,924,925,926,927,928,929,930
content:36078,no
TupleID:704,705,706,707,708,709,710,711,712,713,714,715,716,692,693,694,695,696,697,698,699,700,701,702,703
content:35609,yes
TupleID:354
content:35058,yes
TupleID:717,718,719,720,721,722,723,724,725,726,727,728,729,730,731,732,733,734,735,736,737,738,739,740,741
content:36049,yes
TupleID:128,129,130,131,132,133,134,135,136,137,138,139,140,141,142,143,144,120,121,122,123,124,125,126,127
content:36854,yes
TupleID:576,577,578,579,580,581,582,583,584,585,586,587,588,589,590,591,567,568,569,570,571,572,573,574,575
content:35960,yes
TupleID:512,513,514,515,516,492,493,494,495,496,497,498,499,500,501,502,503,504,505,506,507,508,509,510,511
content:36784,yes
TupleID:256,257,258,259,260,261,262,263,264,265,266,267,268,269,245,246,247,248,249,250,251,252,253,254,255
content:35205,yes
TupleID:352,353,349,350,351
content:35555,yes
TupleID:896,897,898,899,900,901,902,878,879,880,881,882,883,884,885,886,887,888,889,890,891,892,893,894,895
content:36617,yes
TupleID:384,385,386,387,388,389,390,391,392,380,381,382,383
content:35660,yes
TupleID:453,454,455,456,9,457,10,458,11,459,12,460,13,461,14,462,15,463,16,464,17,465,18,466,19
content:36360,yes
TupleID:467,468,469,470,471,472,473,474,475,476,477,478,479,480,481,482,483,484,485,486,487,488,489,490,491
content:36033,no
TupleID:931,932,933,934,935,936,937,938,939,940,941,942,943,944,945,946,947,948,949,950,951,952,953,954,955
Domain9
content:dale medical center,ozark
TupleID:467,468,469,470,471,472,473,474,475,476,477,478,479,480,481,482,483,484,485,486,487,488,489,490,491
content:decatur general hospital,decatur
TupleID:354
content:northwest medical center,winfield
TupleID:355,356,357,358,359,360,361,362,363,364,365,366,367,368,369,370,371,372,373,374,375,376,377,378,379
content:wedowee hospital,wedowee
TupleID:642,643,644,645,646,647,648,649,650,651,652,653,654,655,656,657,658,659,660,661,662,663,664,665,666
content:chilton medical center,clanton
TupleID:832,833,834,835,836,837,838,839,840,841,842,843,844,845,846,847,848,849,850,851,852,828,829,830,831
content:marshall medical center north,guntersville
TupleID:192,193,194,170,171,172,173,174,175,176,177,178,179,180,181,182,183,184,185,186,187,188,189,190,191
content:community hospital inc,tallassee
TupleID:704,705,706,707,708,709,710,711,712,713,714,715,716,692,693,694,695,696,697,698,699,700,701,702,703
content:marion regional medical center,hamilton
TupleID:853,854,855,856,857,858,859,860,861,862,863,864,865,866,867,868,869,870,871,872,873,874,875,876,877
content:callahan eye foundation hospital,birmingham
TupleID:1,2,3,4,5,6,7,8,295,296,297,298,299,300,301,302,303,304,305,306,307,308,309,310,311
content:elba general hospital,elba
TupleID:592,593,594,595,596,597,598,599,600,601,602,603,604,605,606,607,608,609,610,611,612,613,614,615,616
content:prattville baptist hospital,prattville
TupleID:393,394,395,396,397,398,399,400,401,402,403,404,405,406,407,408,409,410,411,412
content:baptist medical center south,montgomery
TupleID:517,518,519,520,521,522,523,524,525,526,527,528,529,530,531,532,533,534,535,536,537,538,539,540,541
content:dekalb regional medical center,fort payne
TupleID:220,221,222,223,224,225,226,227,228,229,230,231,232,233,234,235,236,237,238,239,240,241,242,243,244
content:flowers hospital,dothan
TupleID:332,333,334,335,336,337,338,339,340,341,342,343,344,345,346,347,348
content:st vincents blount,oneonta
TupleID:992,993,994,995,996,997,998,999,1000,981,982,983,984,985,986,987,988,989,990,991
content:coosa valley medical center,sylacauga
TupleID:416,417,418,419,420,421,422,423,424,425,426,427,428,429,430,431,432,415
content:helen keller memorial hospital,sheffield
TupleID:453,454,455,456,9,457,10,458,11,459,12,460,13,461,14,462,15,463,16,464,17,465,18,466,19
content:crenshaw community hospital,luverne
TupleID:128,129,130,131,132,133,134,135,136,137,138,139,140,141,142,143,144,120,121,122,123,124,125,126,127
content:eliza coffee memorial hospital,florence
TupleID:70,71,72,73,74,75,76,77,78,79,80,81,82,83,84,85,86,87,88,89,90,91,92,93,94
content:georgiana hospital,geoxgiana
TupleID:931,932,933,934,935,936,937,938,939,940,941,942,943,944,945,946,947,948,949,950,951,952,953,954,955
content:university of alabama hospital,birmingham
TupleID:667,668,669,670,671,672,673,674,675,676,677,678,679,680,681,682,683,684,685,686,687,688,689,690,691
content:cullman regional medical center,cullman
TupleID:717,718,719,720,721,722,723,724,725,726,727,728,729,730,731,732,733,734,735,736,737,738,739,740,741
content:gadsden regional medical center,gadsden
TupleID:803,804,805,806,807,808,809,810,811,812,813,814,815,816,817,818,819,820,821,822,823,824,825,826,827
content:medical center enterprise,xntxrprisx
TupleID:960,961,962,963,964,965,966,967,968,969,970,971,972,973,974,975,976,977,978,979,980,956,957,958,959
content:cherokee medical center,centre
TupleID:512,513,514,515,516,492,493,494,495,496,497,498,499,500,501,502,503,504,505,506,507,508,509,510,511
content:yukon kuskokwim delta reg hospital,bethel
TupleID:451,452
content:marshall medical center south,boaz
TupleID:64,65,66,67,68,69,45,46,47,48,49,50,51,52,53,54,55,56,57,58,59,60,61,62,63
content:stringfellow memorial hospital,anniston
TupleID:320,768,321,769,322,770,323,771,324,772,325,773,326,774,327,328,329,330,331,312,313,314,315,316,317,318,319,767
content:st vincents east,birmingham
TupleID:195,196,197,198,199,200,201,202,203,204,205,206,207,208,209,210,211,212,213,214,215,216,217,218,219
content:mizell memorial hospital,opp
TupleID:95,96,97,98,99,100,101,102,103,104,105,106,107,108,109,110,111,112,113,114,115,116,117,118,119
content:east alabama medical center and snf,opelika
TupleID:640,641,617,618,619,620,621,622,623,624,625,626,627,628,629,630,631,632,633,634,635,636,637,638,639
content:fayette medical center,fayette
TupleID:896,897,898,899,900,901,902,878,879,880,881,882,883,884,885,886,887,888,889,890,891,892,893,894,895
content:shelby baptist medical center,alabaster
TupleID:270,271,272,273,274,275,276,277,278,279,280,281,282,283,284,285,286,287,288,289,290,291,292,293,294
content:univ of south alabama medical center,mobile
TupleID:384,385,386,387,388,389,390,391,392,380,381,382,383
content:g h lanier memorial hospital,valley
TupleID:576,577,578,579,580,581,582,583,584,585,586,587,588,589,590,591,567,568,569,570,571,572,573,574,575
content:hartselle medical center,hartselle
TupleID:145,146,147,148,149,150,151,152,153,154,155,156,157,158,159,160,161,162,163,164,165,166,167,168,169
content:huntsville hospital,huntsville
TupleID:775,776,777,778,779,780,781,782,783,784,785,786,787,788,789,790,791,792,793,794,795,796,797,798,799,800,801,802
content:southwest alabama medical center,thomasville
TupleID:256,257,258,259,260,261,262,263,264,265,266,267,268,269,245,246,247,248,249,250,251,252,253,254,255
content:alaska regional hospital,anchorage
TupleID:448,449,450,433,434,435,436,437,438,439,440,441,442,443,444,445,446,447
content:southeast alabama medical center,dothan
TupleID:20,21,22,23,24,25,26,27,28,29,30,31,32,33,34,35,36,37,38,39,40,41,42,43,44
content:st vincents hospital,birmingham
TupleID:352,353,349,350,351
content:riverview regional medical center,gadsden
TupleID:903,904,905,906,907,908,909,910,911,912,913,914,915,916,917,918,919,920,921,922,923,924,925,926,927,928,929,930
content:andalusia regional hospital,andaluxia
TupleID:742,743,744,745,746,747,748,749,750,751,752,753,754,755,756,757,758,759,760,761,762,763,764,765,766
content:jackson hospital & clinic inc,montgomery
TupleID:542,543,544,545,546,547,548,549,550,551,552,553,554,555,556,557,558,559,560,561,562,563,564,565,566
content:russellville hospital,russellville
TupleID:413,414
Domain10
content:chilton medical center,2057552500,voluntary non-profit - private,al
TupleID:832,833,834,835,836,837,838,839,840,841,842,843,844,845,846,847,848,849,850,851,852,828,829,830,831
content:prattville baptist hospital,3343614267,voluntary non-profit - private,al
TupleID:393,394,395,396,397,398,399,400,401,402,403,404,405,406,407,408,409,410,411,412
content:community hospital inc,3342836541,voluntary non-profit - private,al
TupleID:704,705,706,707,708,709,710,711,712,713,714,715,716,692,693,694,695,696,697,698,699,700,701,702,703
content:georgiana hospital,3343762205,voluntary non-profit - private,al
TupleID:931,932,933,934,935,936,937,938,939,940,941,942,943,944,945,946,947,948,949,950,951,952,953,954,955
content:marion regional medical center,2059216200,voluntary non-profit - private,al
TupleID:853,854,855,856,857,858,859,860,861,862,863,864,865,866,867,868,869,870,871,872,873,874,875,876,877
content:riverview regional medical center,x565435x00,proprietary,al
TupleID:917
content:hartselle medical center,2567736511,proprietary,al
TupleID:145,146,147,148,149,150,151,152,153,154,155,156,157,158,159,160,161,162,163,164,165,166,167,168,169
content:flowers hospital,3347935000,proxrietary,al
TupleID:333
content:crenshaw community hospital,3343353374,government - federal,al
TupleID:128,129,130,131,132,133,134,135,136,137,138,139,140,141,142,143,144,120,121,122,123,124,125,126,127
content:xniv of soxth alabama medical center,2514717110,government - state,al
TupleID:386
content:flowers hospital,xx479x5000,proprietary,al
TupleID:343
content:callahan eye foundation hospital,2053258100,voluntary non-profit - private,al
TupleID:1,2,3,4,5,6,7,8,295,296,297,298,299,300,301,302,303,304,305,306,307,308,309,310,311
content:st vincents east,2058383122,voluntary non-profit - private,al
TupleID:195,196,197,198,199,200,201,202,203,204,205,206,207,208,209,210,211,212,213,214,215,216,217,218,219
content:andalusia regional hospital,3342228466,proprietary,xl
TupleID:742,743,744,745,746,747,748,749,750,751,752,753,754,755,756,757,758,759,760,761,762,763,764,765,766
content:southwest alabama medical center,3346366221,government - federal,al
TupleID:256,257,258,259,260,261,262,263,264,265,266,267,268,269,245,246,247,248,249,250,251,252,253,254,255
content:floxers hospital,3347935000,proprietary,al
TupleID:338
content:st vincents blount,2052743000,voluntary non-profit - private,al
TupleID:992,993,994,995,996,997,998,999,1000,981,982,983,984,985,986,987,988,989,990,991
content:mizell memorial hospital,3344933541,voluntary non-profit - private,al
TupleID:95,96,97,98,99,100,101,102,103,104,105,106,107,108,109,110,111,112,113,114,115,116,117,118,119
content:northwest medical center,2054877736,proprietary,al
TupleID:355,356,357,358,359,360,361,362,363,364,365,366,367,368,369,370,371,372,373,374,375,376,377,378,379
content:rivxrvixw rxgional mxdical cxntxr,2565435200,proprietary,al
TupleID:904
content:huntsville hospital,2562651000,government - hospital district or authority,al
TupleID:775,776,777,778,779,780,781,782,783,784,785,786,787,788,789,790,791,792,793,794,795,796,797,798,799,800,801,802
content:gadsden regional medical center,2564944000,proprietary,al
TupleID:803,804,805,806,807,808,809,810,811,812,813,814,815,816,817,818,819,820,821,822,823,824,825,826,827
content:cullman regional medical center,2567372000,government - hospital district or authority,al
TupleID:717,718,719,720,721,722,723,724,725,726,727,728,729,730,731,732,733,734,735,736,737,738,739,740,741
content:riverview rexional medical center,2565435200,proprietary,ax
TupleID:923
content:g h lanier memorial hospital,3347561400,voluntary non-profit - other,al
TupleID:576,577,578,579,580,581,582,583,584,585,586,587,588,589,590,591,567,568,569,570,571,572,573,574,575
content:coosa valley medical center,2562495000,voluntary non-profit - other,al
TupleID:416,417,418,419,420,421,422,423,424,425,426,427,428,429,430,431,432,415
content:russellville hospital,2563321611,proprietary,al
TupleID:413,414
content:xivexview xegional medical centex,2565435200,proprietary,al
TupleID:922
content:univ of south alabama medical center,25x47x7xx0,government - state,al
TupleID:382
content:dale medical center,3347742601,government - hospital district or authority,al
TupleID:467,468,469,470,471,472,473,474,475,476,477,478,479,480,481,482,483,484,485,486,487,488,489,490,491
content:eliza coffee memorial hospital,2567688400,voluntary non-profit - other,al
TupleID:70,71,72,73,74,75,76,77,78,79,80,81,82,83,84,85,86,87,88,89,90,91,92,93,94
content:wedowee hospital,2563572111,government - local,al
TupleID:642,643,644,645,646,647,648,649,650,651,652,653,654,655,656,657,658,659,660,661,662,663,664,665,666
content:univ of south alabama medical center,2514717110,government - state,al
TupleID:384,388,389,390,391,392,380,381,383
content:alaska regional hospital,9072761131,proprietary,ak
TupleID:448,449,450,433,434,435,436,437,438,439,440,441,442,443,444,445,446,447
content:east alabama medical center and snf,3347493411,government - hospital district or authority,al
TupleID:640,641,617,618,619,620,621,622,623,624,625,626,627,628,629,630,631,632,633,634,635,636,637,638,639
content:helen keller memorial hospital,2563864556,government - hospital district or authority,al
TupleID:453,454,455,456,9,457,10,458,11,459,12,460,13,461,14,462,15,463,16,464,17,465,18,466,19
content:riverview regional medical center,2565435200,proprietary,al
TupleID:903,905,906,907,908,909,910,911,912,913,914,915,916,918,919,920,921,924,925,926,927,928,929,930
content:university of alabama hospital,2059344011,government - state,al
TupleID:667,668,669,670,671,672,673,674,675,676,677,678,679,680,681,682,683,684,685,686,687,688,689,690,691
content:baptist medical center south,3342882100,voluntary non-profit - church,al
TupleID:517,518,519,520,521,522,523,524,525,526,527,528,529,530,531,532,533,534,535,536,537,538,539,540,541
content:univ ox south alabama medical center,25x47x7xx0,government - state,al
TupleID:385
content:jackson hospital & clinic inc,3342938000,voluntary non-profit - private,xl
TupleID:542,543,544,545,546,547,548,549,550,551,552,553,554,555,556,557,558,559,560,561,562,563,564,565,566
content:fayette medical center,2059325966,voluntary non-profit - other,al
TupleID:896,897,898,899,900,901,902,878,879,880,881,882,883,884,885,886,887,888,889,890,891,892,893,894,895
content:flowers hospital,3347935000,proprietary,al
TupleID:332,334,335,336,337,339,340,341,342,344,345,346,347,348
content:medical center enterprise,3343470584,proprietary,al
TupleID:960,961,962,963,964,965,966,967,968,969,970,971,972,973,974,975,976,977,978,979,980,956,957,958,959
content:cherokee medical center,2569275531,voluntary non-profit - private,al
TupleID:512,513,514,515,516,492,493,494,495,496,497,498,499,500,501,502,503,504,505,506,507,508,509,510,511
content:marshall medical center north,2565718000,government - hospital district or authority,al
TupleID:192,193,194,170,171,172,173,174,175,176,177,178,179,180,181,182,183,184,185,186,187,188,189,190,191
content:stringfellow memorial hospital,2562358900,proprietary,al
TupleID:320,768,321,769,770,322,323,771,324,772,325,773,326,774,327,328,329,330,331,312,313,314,315,316,317,318,319,767
content:st vincents hospital,2059397000,voluntary non-profit - other,al
TupleID:352,353,349,350,351
content:yukon kuskokwim delta reg hospital,9075436300,government - federal,ak
TupleID:451,452
content:marshall medical center south,2565938310,government - hospital district or authority,xl
TupleID:64,65,66,67,68,69,45,46,47,48,49,50,51,52,53,54,55,56,57,58,59,60,61,62,63
content:southeast alabama medical center,3347938701,government - hospital district or authority,al
TupleID:20,21,22,23,24,25,26,27,28,29,30,31,32,33,34,35,36,37,38,39,40,41,42,43,44
content:univ of south alabama medical center,25x47x7xx0,government - state,xl
TupleID:387
content:elba general hospital,3348972257,voluntary non-profit - other,al
TupleID:592,593,594,595,596,597,598,599,600,601,602,603,604,605,606,607,608,609,610,611,612,613,614,615,616
content:shelby baptist medical center,2056208100,voluntary non-profit - church,al
TupleID:270,271,272,273,274,275,276,277,278,279,280,281,282,283,284,285,286,287,288,289,290,291,292,293,294
content:decatur general hospital,2563412000,government - hospital district or authority,al
TupleID:354
content:dekalb regional medical center,2568453150,voluntary non-profit - church,al
TupleID:220,221,222,223,224,225,226,227,228,229,230,231,232,233,234,235,236,237,238,239,240,241,242,243,244
Domain11
content:surgical infection prevention,surgery patients whose doctors ordered treatments to prevent blood clots after certain types of surgeries,acute care hospitals
TupleID:640,193,449,515,68,773,901,7,715,268,590,143,465,851,979,665,218,347,540,93,413,801,929,740,293,615,168,490,43,876,690,243,565,118,378,826,954,765
content:heart attack,heart attack patients given smoking cessation advice/counseling,acute care hospitals
TupleID:645,198,520,73,395,12,909,781,720,273,595,148,470,23,856,984,670,223,352,545,98,418,358,806,934,745,298,620,173,495,48,881,695,248,570,123,317,383,831,959
content:heart attack,heart attack patients given beta blocker at discharge,acute care hosxitals
TupleID:99
content:pneumonia,pneumonia patients given the most appropriate initial antibiotic(s),acute care hospitals
TupleID:707,260,582,135,329,457,843,971,657,210,339,532,85,407,793,921,732,285,607,160,482,35,868,996,682,235,557,110,430,818,946,370,757,310,632,185,441,507,60,893
content:children s asthma care,children who received reliever medication while hospitalized for asthma,acute care hospitals
TupleID:775,903,767
content:heart attack,heart attack patients given fibrinolytic medication within 30 minutes of arrival,acute care hospitals
TupleID:385,833,961,647,200,522,75,397,14,783,911,722,275,597,150,472,25,858,986,672,225,547,100,420,360,808,936,747,300,622,175,497,50,883,697,250,572,125,319
content:pneumonia,pneumonia patients whose initial emergency room blood culture was performed prior to the administration of the first hospital dose of antibiotics,acute care hospitals
TupleID:704,257,579,132,326,454,392,840,968,654,207,336,529,82,404,790,918,729,282,604,157,479,32,865,993,679,232,554,107,427,815,943,367,754,307,629,182,438,504,57,890
content:heart attack,heaxt attack patients given beta blockex at dischaxge,acute care hospitals
TupleID:546
content:pneumonia,pneumonia patients given initial antibiotic(s) within 6 hours after arrival,acute care hospitals
TupleID:706,259,581,134,328,456,842,970,656,209,338,531,84,406,792,920,731,284,606,159,481,34,867,995,681,234,556,109,429,369,945,817,756,309,631,184,440,506,59,892
content:surgical infection xrevention,all heart surgery patients whose blood sugar (blood glucose) is kept under good control in the days right after surgery,acute care hospitals
TupleID:713
content:heart attack,heart attack patients given pci within 90 minutes of arrival,acutx carx hospitals
TupleID:498
content:heart attack,heart attack patients given beta blocker at discharge,acute care hospitals
TupleID:384,832,960,646,199,521,396,13,782,910,721,274,596,149,471,24,857,985,671,224,353,419,359,807,935,746,299,621,174,496,49,882,249,571,124,318
content:surgical infection prevention,allxheartxsurgeryxpatientsxwhosexbloodxsugarx(bloodxglucose)xisxkeptxunderxgoodxcontrolxinxthexdaysxrightxafterxsurgery,acute care hospitals
TupleID:563
content:surgical infection prevention,all heart surgery patients whose blood sugar (blood glucose) is kept under good control in the days right after surgery,acute care hospitals
TupleID:513,66,771,899,5,266,588,141,463,663,216,345,538,91,799,738,166,488,41,874,688,241,116,376,824,952,763,638,191,447
content:surgical infection prevention,all heart surgerx patients whose blood sugar (blood glucose) is kept under good control in the daxs right after surgerx,acute care hospitals
TupleID:291
content:heart attaxk,heart attack patients given beta blocker at discharge,acute cxre hospitxls
TupleID:696
content:pneumonia,pneumonia patients given smoking cessation advice/counseling,acute care hospitals
TupleID:705,258,580,133,327,455,841,969,655,208,337,530,83,405,791,919,730,283,605,158,480,33,866,994,680,233,555,108,428,368,816,944,755,308,630,183,439,505,58,891
content:heart failure,heart failure patients given discharge instructions,acute care hospitals
TupleID:321,835,963,387,649,202,524,77,399,16,785,913,724,277,599,152,474,27,860,988,674,227,549,102,422,362,810,938,749,302,624,177,433,499,52,885,699,252,574,127
content:heart failure,heart failure patients given an evaluation of left ventricular systolic (lvs) function,acute care hospitals
TupleID:128,322,388,836,964,650,203,332,525,78,400,17,914,786,725,278,600,153,475,28,861,989,675,228,550,103,423,363,811,939,750,303,625,178,434,500,53,886,700,253,575
content:pneumonia,pneumonia patients assessed and given pneumococcal vaccination,acute care hospitals
TupleID:256,578,131,325,453,391,839,967,653,206,335,528,81,403,789,917,728,281,603,156,478,31,864,992,678,231,553,106,426,366,814,942,753,306,628,181,437,503,56,889,703
content:surgical infection prevention,patients who got treatment  at the right time (within 24 hours before or after their surgery) to help prevent blood clots after certain types of surgery,acute care hospitals
TupleID:641,194,450,516,69,774,902,8,716,269,591,144,466,980,852,666,219,348,541,94,414,354,802,930,741,294,616,169,491,44,877,691,244,566,119,379,827,955,766
content:heart attack,heart attack patients given pci within 90 minutes of arrival,acute care hospitals
TupleID:320,386,834,962,648,201,523,76,398,15,784,912,723,276,598,151,473,26,859,987,548,101,421,361,809,937,748,301,623,176,51,884,698,251,573,126
content:surgical infection prevention,all heart surgery patients whose blood sugar (blood glucose) is kept under good control in the days right after surgery,acute caxe hospitals
TupleID:849
content:surgical infection prevention,surgery patients whose preventive antibiotics were stopped at the right time (within 24 hours after surgery),acute care hospitals
TupleID:512,65,770,898,4,712,265,587,140,462,848,976,662,215,344,537,90,412,798,926,737,290,612,165,487,40,873,687,240,562,115,375,823,951,762,637,190,446
content:heart attack,heartxattackxpatientsxgivenxpcixwithinx90xminutesxofxarrival,acute care hospitals
TupleID:673
content:surgical infection prevention,all heaxt suxgexy patients whose blood sugax (blood glucose) is kept undex good contxol in the days xight aftex suxgexy,acute care hospitals
TupleID:613
content:surgical infection prevention,all heart surgery patients whose blood sugar (blood glucose) is kept under good control in the days right after surgery,acuxe care hospixals
TupleID:927
content:surgical infection prevention,all heart surgery patients whose blood sugar (blood glucose) is kept under good control in the days right after surgery,acutexcarexhospitals
TupleID:977
content:surgical infection prevention,surgery patients who were taking heart drugs called beta blockers before coming to the hospital who were kept on the beta blockers during the period just before and after their surgery,acute care hospitals
TupleID:1,709,262,584,137,331,459,845,973,659,212,341,534,87,409,795,923,734,287,609,162,484,37,870,998,684,237,559,432,112,372,820,948,759,634,187,443,509,62,895
content:heart attack,heart attack patients given aspirin at discharge,acute care hospitals
TupleID:643,196,452,518,71,393,10,779,907,718,271,593,146,468,21,854,982,668,221,350,543,96,416,356,804,932,743,296,618,171,493,46,879,693,246,568,121,315,829,957,381
content:surgical infection prevention,surgery patients who were given an antibiotic at the right time (within one hour before surgery) to help prevent infection,acute care hospitals
TupleID:768,896,2,710,263,585,138,460,846,974,660,213,342,535,88,410,796,924,735,288,610,163,485,38,871,999,685,238,560,113,373,821,949,760,635,188,444,510,63
content:children s asthma care,children who received systemic corticosteroid medication (oral and iv medication that reduces inflammation and controls symptoms) while hospitalized for asthma,acute care hospitals
TupleID:312,776,904
content:surgical infection prevention,surgery patients who were given the  right kind  of antibiotic to help prevent infection,acute care hospitals
TupleID:64,769,897,3,711,264,586,139,461,847,975,661,214,343,536,89,411,797,925,736,289,611,164,486,39,872,1000,686,239,561,114,374,822,950,761,636,189,445,511
content:hearx axxack,heart attack patients given beta blocker at discharge,acute care hospitals
TupleID:74
content:heart failure,heart failure patients given smoking cessation advice/counseling,acute care hospitals
TupleID:577,130,324,838,966,390,652,205,334,527,80,402,19,788,916,727,280,602,155,477,30,863,991,677,230,552,105,425,365,813,941,752,305,627,180,436,502,55,888,702,255
content:heart failure,heart failure patients given ace inhibitor or arb for left ventricular systolic dysfunction (lvsd),acute care hospitals
TupleID:576,129,323,389,837,965,651,204,333,526,79,401,18,787,915,726,279,601,154,476,29,862,990,676,229,551,104,424,364,812,940,751,304,626,179,435,501,54,887,701,254
content:heart attack,heart attack patients given aspirin at arrival,acute care hospitals
TupleID:642,195,451,517,70,9,778,906,717,270,592,145,467,20,853,981,667,220,349,542,415,95,355,931,803,742,295,617,170,492,45,878,692,245,567,120,314,380,828,956
content:hexrt attxck,heart attack patients given pci within 90 minutes of arrival,acute care hospitals
TupleID:226
content:surgical infection prevention,surgery patients needing hair removed from the surgical area before surgery who had hair removed using a safer method (electric clippers or hair removal cream c not a razor),acute care hospitals
TupleID:192,448,514,67,772,900,6,714,267,589,142,464,850,978,664,217,346,539,92,800,928,739,292,614,167,489,42,875,689,242,564,117,377,825,953,764,639
content:children s asthma care,children and their caregivers who received a home management plan of care document while hospitalized for asthma,acute care hospitals
TupleID:313,777,905
content:pneumonia,pneumonia patients assessed and given influenza vaccination,acute care hospitals
TupleID:708,261,583,136,330,458,844,972,658,211,340,533,86,408,794,922,733,286,608,161,483,36,869,997,683,236,558,111,431,371,819,947,758,311,633,186,442,508,61,894
content:heart attack,heart attack patients given ace inhibitor or arb for left ventricular systolic dysfunction (lvsd),acute care hospitals
TupleID:644,197,519,72,394,11,780,908,719,272,594,147,469,22,855,983,669,222,351,544,97,417,357,805,933,744,297,619,172,494,47,880,694,247,569,122,316,382,830,958
