Domain0
content:flowers hospital,36305
TupleID:332,333,334,335,336,337,338,339,340,341,342,343,344,345,346,347,348
content:prattville baptist hospital,36067
TupleID:393,394,395,396,397,398,399,400,401,402,403,404,405,406,407,408,409,410,411,412
content:cullman regional medical center,35058
TupleID:717,718,719,720,721,722,723,724,725,726,727,728,729,730,731,732,733,734,735,736,737,738,739,740,741
content:east alabama medical center and snf,36801
TupleID:617,618,619,620,621,622,623,624,625,626,627,628,629,630,631,632,633,634,635,636,637,638,639,640,641
content:fayette medical center,35555
TupleID:878,879,880,881,882,883,884,885,886,887,888,889,890,891,892,893,894,895,896,897,898,899,900,901,902
content:northwest medical center,35594
TupleID:355,356,357,358,359,360,361,362,363,364,365,366,367,368,369,370,371,372,373,374,375,376,377,378,379
content:southeast alabama medical center,36302
TupleID:20,21,22,23,24,25,26,27,28,29,30,31,32,33,34,35,36,37,38,39,40,41,42,43,44
content:st vincents east,35235
TupleID:195,196,197,198,199,200,201,202,203,204,205,206,207,208,209,210,211,212,213,214,215,216,217,218,219
content:shelby baptist medical center,35007
TupleID:270,271,272,273,274,275,276,277,278,279,280,281,282,283,284,285,286,287,288,289,290,291,292,293,294
content:baptist medical center south,36116
TupleID:517,518,519,520,521,522,523,524,525,526,527,528,529,530,531,532,533,534,535,536,537,538,539,540,541
content:huntsville hospital,35801
TupleID:775,776,777,778,779,780,781,782,783,784,785,786,787,788,789,790,791,792,793,794,795,796,797,798,799,800,801,802
content:riverview regional medical center,35901
TupleID:903,904,905,906,907,908,909,910,911,912,913,914,915,916,917,918,919,920,921,922,923,924,925,926,927,928,929,930
content:university of alabama hospital,35233
TupleID:667,668,669,670,671,672,673,674,675,676,677,678,679,680,681,682,683,684,685,686,687,688,689,690,691
content:community hospital inc,36078
TupleID:692,693,694,695,696,697,698,699,700,701,702,703,704,705,706,707,708,709,710,711,712,713,714,715,716
content:andalusia regional hospital,36420
TupleID:742,743,744,745,746,747,748,749,750,751,752,753,754,755,756,757,758,759,760,761,762,763,764,765,766
content:mizell memorial hospital,36467
TupleID:95,96,97,98,99,100,101,102,103,104,105,106,107,108,109,110,111,112,113,114,115,116,117,118,119
content:eliza coffee memorial hospital,35631
TupleID:70,71,72,73,74,75,76,77,78,79,80,81,82,83,84,85,86,87,88,89,90,91,92,93,94
content:gadsden regional medical center,35903
TupleID:803,804,805,806,807,808,809,810,811,812,813,814,815,816,817,818,819,820,821,822,823,824,825,826,827
content:univ of south alabama medical center,36617
TupleID:380,381,382,383,384,385,386,387,388,389,390,391,392
content:st vincents hospital,35205
TupleID:349,350,351,352,353
content:chilton medical center,35045
TupleID:828,829,830,831,832,833,834,835,836,837,838,839,840,841,842,843,844,845,846,847,848,849,850,851,852
content:jackson hospital & clinic inc,36106
TupleID:542,543,544,545,546,547,548,549,550,551,552,553,554,555,556,557,558,559,560,561,562,563,564,565,566
content:elba general hospital,36323
TupleID:592,593,594,595,596,597,598,599,600,601,602,603,604,605,606,607,608,609,610,611,612,613,614,615,616
content:g h lanier memorial hospital,36854
TupleID:567,568,569,570,571,572,573,574,575,576,577,578,579,580,581,582,583,584,585,586,587,588,589,590,591
content:marshall medical center north,35976
TupleID:170,171,172,173,174,175,176,177,178,179,180,181,182,183,184,185,186,187,188,189,190,191,192,193,194
content:dekalb regional medical center,35968
TupleID:220,221,222,223,224,225,226,227,228,229,230,231,232,233,234,235,236,237,238,239,240,241,242,243,244
content:callahan eye foundation hospital,35233
TupleID:1,2,3,4,5,6,7,8,295,296,297,298,299,300,301,302,303,304,305,306,307,308,309,310,311
content:marshall medical center south,35957
TupleID:45,46,47,48,49,50,51,52,53,54,55,56,57,58,59,60,61,62,63,64,65,66,67,68,69
content:helen keller memorial hospital,35660
TupleID:9,10,11,12,13,14,15,16,17,18,19,453,454,455,456,457,458,459,460,461,462,463,464,465,466
content:hartselle medical center,35640
TupleID:145,146,147,148,149,150,151,152,153,154,155,156,157,158,159,160,161,162,163,164,165,166,167,168,169
content:southwest alabama medical center,36784
TupleID:245,246,247,248,249,250,251,252,253,254,255,256,257,258,259,260,261,262,263,264,265,266,267,268,269
content:coosa valley medical center,35150
TupleID:415,416,417,418,419,420,421,422,423,424,425,426,427,428,429,430,431,432
content:georgiana hospital,36033
TupleID:931,932,933,934,935,936,937,938,939,940,941,942,943,944,945,946,947,948,949,950,951,952,953,954,955
content:alaska regional hospital,99508
TupleID:433,434,435,436,437,438,439,440,441,442,443,444,445,446,447,448,449,450
content:crenshaw community hospital,36049
TupleID:120,121,122,123,124,125,126,127,128,129,130,131,132,133,134,135,136,137,138,139,140,141,142,143,144
content:russellville hospital,35653
TupleID:413,414
content:medical center enterprise,36330
TupleID:956,957,958,959,960,961,962,963,964,965,966,967,968,969,970,971,972,973,974,975,976,977,978,979,980
content:cherokee medical center,35960
TupleID:492,493,494,495,496,497,498,499,500,501,502,503,504,505,506,507,508,509,510,511,512,513,514,515,516
content:wedowee hospital,36278
TupleID:642,643,644,645,646,647,648,649,650,651,652,653,654,655,656,657,658,659,660,661,662,663,664,665,666
content:decatur general hospital,35609
TupleID:354
content:st vincents blount,35121
TupleID:981,982,983,984,985,986,987,988,989,990,991,992,993,994,995,996,997,998,999,1000
content:dale medical center,36360
TupleID:467,468,469,470,471,472,473,474,475,476,477,478,479,480,481,482,483,484,485,486,487,488,489,490,491
content:yukon kuskokwim delta reg hospital,99559
TupleID:451,452
content:marion regional medical center,35570
TupleID:853,854,855,856,857,858,859,860,861,862,863,864,865,866,867,868,869,870,871,872,873,874,875,876,877
content:stringfellow memorial hospital,36201
TupleID:312,313,314,315,316,317,318,319,320,321,322,323,324,325,326,327,328,329,330,331,767,768,769,770,771,772,773,774
Domain1
content:flowers hospital,3347935000
TupleID:332,333,334,335,336,337,338,339,340,341,342,343,344,345,346,347,348
content:prattville baptist hospital,3343614267
TupleID:393,394,395,396,397,398,399,400,401,402,403,404,405,406,407,408,409,410,411,412
content:cullman regional medical center,2567372000
TupleID:717,718,719,720,721,722,723,724,725,726,727,728,729,730,731,732,733,734,735,736,737,738,739,740,741
content:east alabama medical center and snf,3347493411
TupleID:617,618,619,620,621,622,623,624,625,626,627,628,629,630,631,632,633,634,635,636,637,638,639,640,641
content:fayette medical center,2059325966
TupleID:878,879,880,881,882,883,884,885,886,887,888,889,890,891,892,893,894,895,896,897,898,899,900,901,902
content:northwest medical center,2054877736
TupleID:355,356,357,358,359,360,361,362,363,364,365,366,367,368,369,370,371,372,373,374,375,376,377,378,379
content:southeast alabama medical center,3347938701
TupleID:20,21,22,23,24,25,26,27,28,29,30,31,32,33,34,35,36,37,38,39,40,41,42,43,44
content:st vincents east,2058383122
TupleID:195,196,197,198,199,200,201,202,203,204,205,206,207,208,209,210,211,212,213,214,215,216,217,218,219
content:shelby baptist medical center,2056208100
TupleID:270,271,272,273,274,275,276,277,278,279,280,281,282,283,284,285,286,287,288,289,290,291,292,293,294
content:baptist medical center south,3342882100
TupleID:517,518,519,520,521,522,523,524,525,526,527,528,529,530,531,532,533,534,535,536,537,538,539,540,541
content:huntsville hospital,2562651000
TupleID:775,776,777,778,779,780,781,782,783,784,785,786,787,788,789,790,791,792,793,794,795,796,797,798,799,800,801,802
content:riverview regional medical center,2565435200
TupleID:903,904,905,906,907,908,909,910,911,912,913,914,915,916,917,918,919,920,921,922,923,924,925,926,927,928,929,930
content:university of alabama hospital,2059344011
TupleID:667,668,669,670,671,672,673,674,675,676,677,678,679,680,681,682,683,684,685,686,687,688,689,690,691
content:community hospital inc,3342836541
TupleID:692,693,694,695,696,697,698,699,700,701,702,703,704,705,706,707,708,709,710,711,712,713,714,715,716
content:andalusia regional hospital,3342228466
TupleID:742,743,744,745,746,747,748,749,750,751,752,753,754,755,756,757,758,759,760,761,762,763,764,765,766
content:mizell memorial hospital,3344933541
TupleID:95,96,97,98,99,100,101,102,103,104,105,106,107,108,109,110,111,112,113,114,115,116,117,118,119
content:eliza coffee memorial hospital,2567688400
TupleID:70,71,72,73,74,75,76,77,78,79,80,81,82,83,84,85,86,87,88,89,90,91,92,93,94
content:gadsden regional medical center,2564944000
TupleID:803,804,805,806,807,808,809,810,811,812,813,814,815,816,817,818,819,820,821,822,823,824,825,826,827
content:univ of south alabama medical center,2514717110
TupleID:380,381,382,383,384,385,386,387,388,389,390,391,392
content:st vincents hospital,2059397000
TupleID:349,350,351,352,353
content:chilton medical center,2057552500
TupleID:828,829,830,831,832,833,834,835,836,837,838,839,840,841,842,843,844,845,846,847,848,849,850,851,852
content:jackson hospital & clinic inc,3342938000
TupleID:542,543,544,545,546,547,548,549,550,551,552,553,554,555,556,557,558,559,560,561,562,563,564,565,566
content:elba general hospital,3348972257
TupleID:592,593,594,595,596,597,598,599,600,601,602,603,604,605,606,607,608,609,610,611,612,613,614,615,616
content:g h lanier memorial hospital,3347561400
TupleID:567,568,569,570,571,572,573,574,575,576,577,578,579,580,581,582,583,584,585,586,587,588,589,590,591
content:marshall medical center north,2565718000
TupleID:170,171,172,173,174,175,176,177,178,179,180,181,182,183,184,185,186,187,188,189,190,191,192,193,194
content:dekalb regional medical center,2568453150
TupleID:220,221,222,223,224,225,226,227,228,229,230,231,232,233,234,235,236,237,238,239,240,241,242,243,244
content:callahan eye foundation hospital,2053258100
TupleID:1,2,3,4,5,6,7,8,295,296,297,298,299,300,301,302,303,304,305,306,307,308,309,310,311
content:marshall medical center south,2565938310
TupleID:45,46,47,48,49,50,51,52,53,54,55,56,57,58,59,60,61,62,63,64,65,66,67,68,69
content:helen keller memorial hospital,2563864556
TupleID:9,10,11,12,13,14,15,16,17,18,19,453,454,455,456,457,458,459,460,461,462,463,464,465,466
content:hartselle medical center,2567736511
TupleID:145,146,147,148,149,150,151,152,153,154,155,156,157,158,159,160,161,162,163,164,165,166,167,168,169
content:southwest alabama medical center,3346366221
TupleID:245,246,247,248,249,250,251,252,253,254,255,256,257,258,259,260,261,262,263,264,265,266,267,268,269
content:coosa valley medical center,2562495000
TupleID:415,416,417,418,419,420,421,422,423,424,425,426,427,428,429,430,431,432
content:georgiana hospital,3343762205
TupleID:931,932,933,934,935,936,937,938,939,940,941,942,943,944,945,946,947,948,949,950,951,952,953,954,955
content:alaska regional hospital,9072761131
TupleID:433,434,435,436,437,438,439,440,441,442,443,444,445,446,447,448,449,450
content:crenshaw community hospital,3343353374
TupleID:120,121,122,123,124,125,126,127,128,129,130,131,132,133,134,135,136,137,138,139,140,141,142,143,144
content:russellville hospital,2563321611
TupleID:413,414
content:medical center enterprise,3343470584
TupleID:956,957,958,959,960,961,962,963,964,965,966,967,968,969,970,971,972,973,974,975,976,977,978,979,980
content:cherokee medical center,2569275531
TupleID:492,493,494,495,496,497,498,499,500,501,502,503,504,505,506,507,508,509,510,511,512,513,514,515,516
content:wedowee hospital,2563572111
TupleID:642,643,644,645,646,647,648,649,650,651,652,653,654,655,656,657,658,659,660,661,662,663,664,665,666
content:decatur general hospital,2563412000
TupleID:354
content:st vincents blount,2052743000
TupleID:981,982,983,984,985,986,987,988,989,990,991,992,993,994,995,996,997,998,999,1000
content:dale medical center,3347742601
TupleID:467,468,469,470,471,472,473,474,475,476,477,478,479,480,481,482,483,484,485,486,487,488,489,490,491
content:yukon kuskokwim delta reg hospital,9075436300
TupleID:451,452
content:marion regional medical center,2059216200
TupleID:853,854,855,856,857,858,859,860,861,862,863,864,865,866,867,868,869,870,871,872,873,874,875,876,877
content:stringfellow memorial hospital,2562358900
TupleID:312,313,314,315,316,317,318,319,320,321,322,323,324,325,326,327,328,329,330,331,767,768,769,770,771,772,773,774
Domain2
content:cac-1,children who received reliever medication while hospitalized for asthma
TupleID:767,775,903
content:cac-2,children who received systemic corticosteroid medication (oral and iv medication that reduces inflammation and controls symptoms) while hospitalized for asthma
TupleID:312,776,904
content:cac-3,children and their caregivers who received a home management plan of care document while hospitalized for asthma
TupleID:313,777,905
content:ami-8a,heart attack patients given pci within 90 minutes of arrival
TupleID:15,26,51,76,101,126,151,176,201,226,251,276,301,320,361,386,398,421,473,498,523,548,573,598,623,648,673,698,723,748,784,809,834,859,884,912,937,962,987
content:pn-4,pneumonia patients given smoking cessation advice/counseling
TupleID:33,58,83,108,133,158,183,208,233,258,283,308,327,337,368,405,428,439,455,480,505,530,555,580,605,630,655,680,705,730,755,791,816,841,866,891,919,944,969,994
content:hf-1,heart failure patients given discharge instructions
TupleID:16,27,52,77,102,127,152,177,202,227,252,277,302,321,362,387,399,422,433,474,499,524,549,574,599,624,649,674,699,724,749,785,810,835,860,885,913,938,963,988
content:hf-2,heart failure patients given an evaluation of left ventricular systolic (lvs) function
TupleID:17,28,53,78,103,128,153,178,203,228,253,278,303,322,332,363,388,400,423,434,475,500,525,550,575,600,625,650,675,700,725,750,786,811,836,861,886,914,939,964,989
content:pn-6,pneumonia patients given the most appropriate initial antibiotic(s)
TupleID:35,60,85,110,135,160,185,210,235,260,285,310,329,339,370,407,430,441,457,482,507,532,557,582,607,632,657,682,707,732,757,793,818,843,868,893,921,946,971,996
content:hf-3,heart failure patients given ace inhibitor or arb for left ventricular systolic dysfunction (lvsd)
TupleID:18,29,54,79,104,129,154,179,204,229,254,279,304,323,333,364,389,401,424,435,476,501,526,551,576,601,626,651,676,701,726,751,787,812,837,862,887,915,940,965,990
content:hf-4,heart failure patients given smoking cessation advice/counseling
TupleID:19,30,55,80,105,130,155,180,205,230,255,280,305,324,334,365,390,402,425,436,477,502,527,552,577,602,627,652,677,702,727,752,788,813,838,863,888,916,941,966,991
content:pn-2,pneumonia patients assessed and given pneumococcal vaccination
TupleID:31,56,81,106,131,156,181,206,231,256,281,306,325,335,366,391,403,426,437,453,478,503,528,553,578,603,628,653,678,703,728,753,789,814,839,864,889,917,942,967,992
content:pn-7,pneumonia patients assessed and given influenza vaccination
TupleID:36,61,86,111,136,161,186,211,236,261,286,311,330,340,371,408,431,442,458,483,508,533,558,583,608,633,658,683,708,733,758,794,819,844,869,894,922,947,972,997
content:scip-inf-1,surgery patients who were given an antibiotic at the right time (within one hour before surgery) to help prevent infection
TupleID:2,38,63,88,113,138,163,188,213,238,263,288,342,373,410,444,460,485,510,535,560,585,610,635,660,685,710,735,760,768,796,821,846,871,896,924,949,974,999
content:pn-5c,pneumonia patients given initial antibiotic(s) within 6 hours after arrival
TupleID:34,59,84,109,134,159,184,209,234,259,284,309,328,338,369,406,429,440,456,481,506,531,556,581,606,631,656,681,706,731,756,792,817,842,867,892,920,945,970,995
content:pn-3b,pneumonia patients whose initial emergency room blood culture was performed prior to the administration of the first hospital dose of antibiotics
TupleID:32,57,82,107,132,157,182,207,232,257,282,307,326,336,367,392,404,427,438,454,479,504,529,554,579,604,629,654,679,704,729,754,790,815,840,865,890,918,943,968,993
content:scip-card-2,surgery patients who were taking heart drugs called beta blockers before coming to the hospital who were kept on the beta blockers during the period just before and after their surgery
TupleID:1,37,62,87,112,137,162,187,212,237,262,287,331,341,372,409,432,443,459,484,509,534,559,584,609,634,659,684,709,734,759,795,820,845,870,895,923,948,973,998
content:ami-2,heart attack patients given aspirin at discharge
TupleID:10,21,46,71,96,121,146,171,196,221,246,271,296,315,350,356,381,393,416,452,468,493,518,543,568,593,618,643,668,693,718,743,779,804,829,854,879,907,932,957,982
content:ami-3,heart attack patients given ace inhibitor or arb for left ventricular systolic dysfunction (lvsd)
TupleID:11,22,47,72,97,122,147,172,197,222,247,272,297,316,351,357,382,394,417,469,494,519,544,569,594,619,644,669,694,719,744,780,805,830,855,880,908,933,958,983
content:ami-1,heart attack patients given aspirin at arrival
TupleID:9,20,45,70,95,120,145,170,195,220,245,270,295,314,349,355,380,415,451,467,492,517,542,567,592,617,642,667,692,717,742,778,803,828,853,878,906,931,956,981
content:ami-7a,heart attack patients given fibrinolytic medication within 30 minutes of arrival
TupleID:14,25,50,75,100,125,150,175,200,225,250,275,300,319,360,385,397,420,472,497,522,547,572,597,622,647,672,697,722,747,783,808,833,858,883,911,936,961,986
content:ami-4,heart attack patients given smoking cessation advice/counseling
TupleID:12,23,48,73,98,123,148,173,198,223,248,273,298,317,352,358,383,395,418,470,495,520,545,570,595,620,645,670,695,720,745,781,806,831,856,881,909,934,959,984
content:ami-5,heart attack patients given beta blocker at discharge
TupleID:13,24,49,74,99,124,149,174,199,224,249,274,299,318,353,359,384,396,419,471,496,521,546,571,596,621,646,671,696,721,746,782,807,832,857,882,910,935,960,985
content:scip-inf-6,surgery patients needing hair removed from the surgical area before surgery who had hair removed using a safer method (electric clippers or hair removal cream c not a razor)
TupleID:6,42,67,92,117,142,167,192,217,242,267,292,346,377,448,464,489,514,539,564,589,614,639,664,689,714,739,764,772,800,825,850,875,900,928,953,978
content:scip-vte-1,surgery patients whose doctors ordered treatments to prevent blood clots after certain types of surgeries
TupleID:7,43,68,93,118,143,168,193,218,243,268,293,347,378,413,449,465,490,515,540,565,590,615,640,665,690,715,740,765,773,801,826,851,876,901,929,954,979
content:scip-inf-4,all heart surgery patients whose blood sugar (blood glucose) is kept under good control in the days right after surgery
TupleID:5,41,66,91,116,141,166,191,216,241,266,291,345,376,447,463,488,513,538,563,588,613,638,663,688,713,738,763,771,799,824,849,874,899,927,952,977
content:scip-inf-3,surgery patients whose preventive antibiotics were stopped at the right time (within 24 hours after surgery)
TupleID:4,40,65,90,115,140,165,190,215,240,265,290,344,375,412,446,462,487,512,537,562,587,612,637,662,687,712,737,762,770,798,823,848,873,898,926,951,976
content:scip-inf-2,surgery patients who were given the  right kind  of antibiotic to help prevent infection
TupleID:3,39,64,89,114,139,164,189,214,239,264,289,343,374,411,445,461,486,511,536,561,586,611,636,661,686,711,736,761,769,797,822,847,872,897,925,950,975,1000
content:scip-vte-2,patients who got treatment  at the right time (within 24 hours before or after their surgery) to help prevent blood clots after certain types of surgery
TupleID:8,44,69,94,119,144,169,194,219,244,269,294,348,354,379,414,450,466,491,516,541,566,591,616,641,666,691,716,741,766,774,802,827,852,877,902,930,955,980
Domain3
content:10050,st vincents blount
TupleID:981,982,983,984,985,986,987,988,989,990,991,992,993,994,995,996,997,998,999,1000
content:20018,yukon kuskokwim delta reg hospital
TupleID:451,452
content:20017,alaska regional hospital
TupleID:433,434,435,436,437,438,439,440,441,442,443,444,445,446,447,448,449,450
content:10019,helen keller memorial hospital
TupleID:9,10,11,12,13,14,15,16,17,18,19,453,454,455,456,457,458,459,460,461,462,463,464,465,466
content:10018,callahan eye foundation hospital
TupleID:1,2,3,4,5,6,7,8,295,296,297,298,299,300,301,302,303,304,305,306,307,308,309,310,311
content:10011,st vincents east
TupleID:195,196,197,198,199,200,201,202,203,204,205,206,207,208,209,210,211,212,213,214,215,216,217,218,219
content:10055,flowers hospital
TupleID:332,333,334,335,336,337,338,339,340,341,342,343,344,345,346,347,348
content:10033,university of alabama hospital
TupleID:667,668,669,670,671,672,673,674,675,676,677,678,679,680,681,682,683,684,685,686,687,688,689,690,691
content:10010,marshall medical center north
TupleID:170,171,172,173,174,175,176,177,178,179,180,181,182,183,184,185,186,187,188,189,190,191,192,193,194
content:10032,wedowee hospital
TupleID:642,643,644,645,646,647,648,649,650,651,652,653,654,655,656,657,658,659,660,661,662,663,664,665,666
content:10035,cullman regional medical center
TupleID:717,718,719,720,721,722,723,724,725,726,727,728,729,730,731,732,733,734,735,736,737,738,739,740,741
content:10012,dekalb regional medical center
TupleID:220,221,222,223,224,225,226,227,228,229,230,231,232,233,234,235,236,237,238,239,240,241,242,243,244
content:10056,st vincents hospital
TupleID:349,350,351,352,353
content:10034,community hospital inc
TupleID:692,693,694,695,696,697,698,699,700,701,702,703,704,705,706,707,708,709,710,711,712,713,714,715,716
content:10015,southwest alabama medical center
TupleID:245,246,247,248,249,250,251,252,253,254,255,256,257,258,259,260,261,262,263,264,265,266,267,268,269
content:10158,russellville hospital
TupleID:413,414
content:10036,andalusia regional hospital
TupleID:742,743,744,745,746,747,748,749,750,751,752,753,754,755,756,757,758,759,760,761,762,763,764,765,766
content:10039,huntsville hospital
TupleID:775,776,777,778,779,780,781,782,783,784,785,786,787,788,789,790,791,792,793,794,795,796,797,798,799,800,801,802
content:10016,shelby baptist medical center
TupleID:270,271,272,273,274,275,276,277,278,279,280,281,282,283,284,285,286,287,288,289,290,291,292,293,294
content:10038,stringfellow memorial hospital
TupleID:312,313,314,315,316,317,318,319,320,321,322,323,324,325,326,327,328,329,330,331,767,768,769,770,771,772,773,774
content:10040,gadsden regional medical center
TupleID:803,804,805,806,807,808,809,810,811,812,813,814,815,816,817,818,819,820,821,822,823,824,825,826,827
content:10086,northwest medical center
TupleID:355,356,357,358,359,360,361,362,363,364,365,366,367,368,369,370,371,372,373,374,375,376,377,378,379
content:10085,decatur general hospital
TupleID:354
content:10008,crenshaw community hospital
TupleID:120,121,122,123,124,125,126,127,128,129,130,131,132,133,134,135,136,137,138,139,140,141,142,143,144
content:10007,mizell memorial hospital
TupleID:95,96,97,98,99,100,101,102,103,104,105,106,107,108,109,110,111,112,113,114,115,116,117,118,119
content:10029,east alabama medical center and snf
TupleID:617,618,619,620,621,622,623,624,625,626,627,628,629,630,631,632,633,634,635,636,637,638,639,640,641
content:10009,hartselle medical center
TupleID:145,146,147,148,149,150,151,152,153,154,155,156,157,158,159,160,161,162,163,164,165,166,167,168,169
content:10108,prattville baptist hospital
TupleID:393,394,395,396,397,398,399,400,401,402,403,404,405,406,407,408,409,410,411,412
content:10022,cherokee medical center
TupleID:492,493,494,495,496,497,498,499,500,501,502,503,504,505,506,507,508,509,510,511,512,513,514,515,516
content:10044,marion regional medical center
TupleID:853,854,855,856,857,858,859,860,861,862,863,864,865,866,867,868,869,870,871,872,873,874,875,876,877
content:10087,univ of south alabama medical center
TupleID:380,381,382,383,384,385,386,387,388,389,390,391,392
content:10164,coosa valley medical center
TupleID:415,416,417,418,419,420,421,422,423,424,425,426,427,428,429,430,431,432
content:10021,dale medical center
TupleID:467,468,469,470,471,472,473,474,475,476,477,478,479,480,481,482,483,484,485,486,487,488,489,490,491
content:10043,chilton medical center
TupleID:828,829,830,831,832,833,834,835,836,837,838,839,840,841,842,843,844,845,846,847,848,849,850,851,852
content:10024,jackson hospital & clinic inc
TupleID:542,543,544,545,546,547,548,549,550,551,552,553,554,555,556,557,558,559,560,561,562,563,564,565,566
content:10046,riverview regional medical center
TupleID:903,904,905,906,907,908,909,910,911,912,913,914,915,916,917,918,919,920,921,922,923,924,925,926,927,928,929,930
content:10001,southeast alabama medical center
TupleID:20,21,22,23,24,25,26,27,28,29,30,31,32,33,34,35,36,37,38,39,40,41,42,43,44
content:10023,baptist medical center south
TupleID:517,518,519,520,521,522,523,524,525,526,527,528,529,530,531,532,533,534,535,536,537,538,539,540,541
content:10045,fayette medical center
TupleID:878,879,880,881,882,883,884,885,886,887,888,889,890,891,892,893,894,895,896,897,898,899,900,901,902
content:10025,g h lanier memorial hospital
TupleID:567,568,569,570,571,572,573,574,575,576,577,578,579,580,581,582,583,584,585,586,587,588,589,590,591
content:10047,georgiana hospital
TupleID:931,932,933,934,935,936,937,938,939,940,941,942,943,944,945,946,947,948,949,950,951,952,953,954,955
content:10006,eliza coffee memorial hospital
TupleID:70,71,72,73,74,75,76,77,78,79,80,81,82,83,84,85,86,87,88,89,90,91,92,93,94
content:10005,marshall medical center south
TupleID:45,46,47,48,49,50,51,52,53,54,55,56,57,58,59,60,61,62,63,64,65,66,67,68,69
content:10027,elba general hospital
TupleID:592,593,594,595,596,597,598,599,600,601,602,603,604,605,606,607,608,609,610,611,612,613,614,615,616
content:10049,medical center enterprise
TupleID:956,957,958,959,960,961,962,963,964,965,966,967,968,969,970,971,972,973,974,975,976,977,978,979,980
Domain4
content:cac-1,children s asthma care
TupleID:767,775,903
content:cac-2,children s asthma care
TupleID:312,776,904
content:cac-3,children s asthma care
TupleID:313,777,905
content:ami-8a,heart attack
TupleID:15,26,51,76,101,126,151,176,201,226,251,276,301,320,361,386,398,421,473,498,523,548,573,598,623,648,673,698,723,748,784,809,834,859,884,912,937,962,987
content:pn-4,pneumonia
TupleID:33,58,83,108,133,158,183,208,233,258,283,308,327,337,368,405,428,439,455,480,505,530,555,580,605,630,655,680,705,730,755,791,816,841,866,891,919,944,969,994
content:hf-1,heart failure
TupleID:16,27,52,77,102,127,152,177,202,227,252,277,302,321,362,387,399,422,433,474,499,524,549,574,599,624,649,674,699,724,749,785,810,835,860,885,913,938,963,988
content:hf-2,heart failure
TupleID:17,28,53,78,103,128,153,178,203,228,253,278,303,322,332,363,388,400,423,434,475,500,525,550,575,600,625,650,675,700,725,750,786,811,836,861,886,914,939,964,989
content:pn-6,pneumonia
TupleID:35,60,85,110,135,160,185,210,235,260,285,310,329,339,370,407,430,441,457,482,507,532,557,582,607,632,657,682,707,732,757,793,818,843,868,893,921,946,971,996
content:hf-3,heart failure
TupleID:18,29,54,79,104,129,154,179,204,229,254,279,304,323,333,364,389,401,424,435,476,501,526,551,576,601,626,651,676,701,726,751,787,812,837,862,887,915,940,965,990
content:hf-4,heart failure
TupleID:19,30,55,80,105,130,155,180,205,230,255,280,305,324,334,365,390,402,425,436,477,502,527,552,577,602,627,652,677,702,727,752,788,813,838,863,888,916,941,966,991
content:pn-2,pneumonia
TupleID:31,56,81,106,131,156,181,206,231,256,281,306,325,335,366,391,403,426,437,453,478,503,528,553,578,603,628,653,678,703,728,753,789,814,839,864,889,917,942,967,992
content:pn-7,pneumonia
TupleID:36,61,86,111,136,161,186,211,236,261,286,311,330,340,371,408,431,442,458,483,508,533,558,583,608,633,658,683,708,733,758,794,819,844,869,894,922,947,972,997
content:scip-inf-1,surgical infection prevention
TupleID:2,38,63,88,113,138,163,188,213,238,263,288,342,373,410,444,460,485,510,535,560,585,610,635,660,685,710,735,760,768,796,821,846,871,896,924,949,974,999
content:pn-5c,pneumonia
TupleID:34,59,84,109,134,159,184,209,234,259,284,309,328,338,369,406,429,440,456,481,506,531,556,581,606,631,656,681,706,731,756,792,817,842,867,892,920,945,970,995
content:pn-3b,pneumonia
TupleID:32,57,82,107,132,157,182,207,232,257,282,307,326,336,367,392,404,427,438,454,479,504,529,554,579,604,629,654,679,704,729,754,790,815,840,865,890,918,943,968,993
content:scip-card-2,surgical infection prevention
TupleID:1,37,62,87,112,137,162,187,212,237,262,287,331,341,372,409,432,443,459,484,509,534,559,584,609,634,659,684,709,734,759,795,820,845,870,895,923,948,973,998
content:ami-2,heart attack
TupleID:10,21,46,71,96,121,146,171,196,221,246,271,296,315,350,356,381,393,416,452,468,493,518,543,568,593,618,643,668,693,718,743,779,804,829,854,879,907,932,957,982
content:ami-3,heart attack
TupleID:11,22,47,72,97,122,147,172,197,222,247,272,297,316,351,357,382,394,417,469,494,519,544,569,594,619,644,669,694,719,744,780,805,830,855,880,908,933,958,983
content:ami-1,heart attack
TupleID:9,20,45,70,95,120,145,170,195,220,245,270,295,314,349,355,380,415,451,467,492,517,542,567,592,617,642,667,692,717,742,778,803,828,853,878,906,931,956,981
content:ami-7a,heart attack
TupleID:14,25,50,75,100,125,150,175,200,225,250,275,300,319,360,385,397,420,472,497,522,547,572,597,622,647,672,697,722,747,783,808,833,858,883,911,936,961,986
content:ami-4,heart attack
TupleID:12,23,48,73,98,123,148,173,198,223,248,273,298,317,352,358,383,395,418,470,495,520,545,570,595,620,645,670,695,720,745,781,806,831,856,881,909,934,959,984
content:ami-5,heart attack
TupleID:13,24,49,74,99,124,149,174,199,224,249,274,299,318,353,359,384,396,419,471,496,521,546,571,596,621,646,671,696,721,746,782,807,832,857,882,910,935,960,985
content:scip-inf-6,surgical infection prevention
TupleID:6,42,67,92,117,142,167,192,217,242,267,292,346,377,448,464,489,514,539,564,589,614,639,664,689,714,739,764,772,800,825,850,875,900,928,953,978
content:scip-vte-1,surgical infection prevention
TupleID:7,43,68,93,118,143,168,193,218,243,268,293,347,378,413,449,465,490,515,540,565,590,615,640,665,690,715,740,765,773,801,826,851,876,901,929,954,979
content:scip-inf-4,surgical infection prevention
TupleID:5,41,66,91,116,141,166,191,216,241,266,291,345,376,447,463,488,513,538,563,588,613,638,663,688,713,738,763,771,799,824,849,874,899,927,952,977
content:scip-inf-3,surgical infection prevention
TupleID:4,40,65,90,115,140,165,190,215,240,265,290,344,375,412,446,462,487,512,537,562,587,612,637,662,687,712,737,762,770,798,823,848,873,898,926,951,976
content:scip-inf-2,surgical infection prevention
TupleID:3,39,64,89,114,139,164,189,214,239,264,289,343,374,411,445,461,486,511,536,561,586,611,636,661,686,711,736,761,769,797,822,847,872,897,925,950,975,1000
content:scip-vte-2,surgical infection prevention
TupleID:8,44,69,94,119,144,169,194,219,244,269,294,348,354,379,414,450,466,491,516,541,566,591,616,641,666,691,716,741,766,774,802,827,852,877,902,930,955,980
Domain5
content:flowers hospital,4370 west main street
TupleID:332,333,334,335,336,337,338,339,340,341,342,343,344,345,346,347,348
content:prattville baptist hospital,124 s memorial dr
TupleID:393,394,395,396,397,398,399,400,401,402,403,404,405,406,407,408,409,410,411,412
content:cullman regional medical center,1912 alabama highway 157
TupleID:717,718,719,720,721,722,723,724,725,726,727,728,729,730,731,732,733,734,735,736,737,738,739,740,741
content:east alabama medical center and snf,2000 pepperell parkway
TupleID:617,618,619,620,621,622,623,624,625,626,627,628,629,630,631,632,633,634,635,636,637,638,639,640,641
content:fayette medical center,1653 temple avenue north
TupleID:878,879,880,881,882,883,884,885,886,887,888,889,890,891,892,893,894,895,896,897,898,899,900,901,902
content:northwest medical center,1530 u s highway 43
TupleID:355,356,357,358,359,360,361,362,363,364,365,366,367,368,369,370,371,372,373,374,375,376,377,378,379
content:southeast alabama medical center,1108 ross clark circle
TupleID:20,21,22,23,24,25,26,27,28,29,30,31,32,33,34,35,36,37,38,39,40,41,42,43,44
content:st vincents east,50 medical park east drive
TupleID:195,196,197,198,199,200,201,202,203,204,205,206,207,208,209,210,211,212,213,214,215,216,217,218,219
content:shelby baptist medical center,1000 first street north
TupleID:270,271,272,273,274,275,276,277,278,279,280,281,282,283,284,285,286,287,288,289,290,291,292,293,294
content:baptist medical center south,2105 east south boulevard
TupleID:517,518,519,520,521,522,523,524,525,526,527,528,529,530,531,532,533,534,535,536,537,538,539,540,541
content:huntsville hospital,101 sivley rd
TupleID:775,776,777,778,779,780,781,782,783,784,785,786,787,788,789,790,791,792,793,794,795,796,797,798,799,800,801,802
content:riverview regional medical center,600 south third street
TupleID:903,904,905,906,907,908,909,910,911,912,913,914,915,916,917,918,919,920,921,922,923,924,925,926,927,928,929,930
content:university of alabama hospital,619 south 19th street
TupleID:667,668,669,670,671,672,673,674,675,676,677,678,679,680,681,682,683,684,685,686,687,688,689,690,691
content:community hospital inc,805 friendship road
TupleID:692,693,694,695,696,697,698,699,700,701,702,703,704,705,706,707,708,709,710,711,712,713,714,715,716
content:andalusia regional hospital,849 south three notch street
TupleID:742,743,744,745,746,747,748,749,750,751,752,753,754,755,756,757,758,759,760,761,762,763,764,765,766
content:mizell memorial hospital,702 n main st
TupleID:95,96,97,98,99,100,101,102,103,104,105,106,107,108,109,110,111,112,113,114,115,116,117,118,119
content:eliza coffee memorial hospital,205 marengo street
TupleID:70,71,72,73,74,75,76,77,78,79,80,81,82,83,84,85,86,87,88,89,90,91,92,93,94
content:gadsden regional medical center,1007 goodyear avenue
TupleID:803,804,805,806,807,808,809,810,811,812,813,814,815,816,817,818,819,820,821,822,823,824,825,826,827
content:univ of south alabama medical center,2451 fillingim street
TupleID:380,381,382,383,384,385,386,387,388,389,390,391,392
content:st vincents hospital,810 st vincents drive
TupleID:349,350,351,352,353
content:chilton medical center,1010 lay dam road
TupleID:828,829,830,831,832,833,834,835,836,837,838,839,840,841,842,843,844,845,846,847,848,849,850,851,852
content:jackson hospital & clinic inc,1725 pine street
TupleID:542,543,544,545,546,547,548,549,550,551,552,553,554,555,556,557,558,559,560,561,562,563,564,565,566
content:elba general hospital,987 drayton street
TupleID:592,593,594,595,596,597,598,599,600,601,602,603,604,605,606,607,608,609,610,611,612,613,614,615,616
content:g h lanier memorial hospital,4800 48th st
TupleID:567,568,569,570,571,572,573,574,575,576,577,578,579,580,581,582,583,584,585,586,587,588,589,590,591
content:marshall medical center north,8000 alabama highway 69
TupleID:170,171,172,173,174,175,176,177,178,179,180,181,182,183,184,185,186,187,188,189,190,191,192,193,194
content:dekalb regional medical center,200 med center drive
TupleID:220,221,222,223,224,225,226,227,228,229,230,231,232,233,234,235,236,237,238,239,240,241,242,243,244
content:callahan eye foundation hospital,1720 university blvd
TupleID:1,2,3,4,5,6,7,8,295,296,297,298,299,300,301,302,303,304,305,306,307,308,309,310,311
content:marshall medical center south,2505 u s highway 431 north
TupleID:45,46,47,48,49,50,51,52,53,54,55,56,57,58,59,60,61,62,63,64,65,66,67,68,69
content:helen keller memorial hospital,1300 south montgomery avenue
TupleID:9,10,11,12,13,14,15,16,17,18,19,453,454,455,456,457,458,459,460,461,462,463,464,465,466
content:hartselle medical center,201 pine street northwest
TupleID:145,146,147,148,149,150,151,152,153,154,155,156,157,158,159,160,161,162,163,164,165,166,167,168,169
content:southwest alabama medical center,33700 highway 43
TupleID:245,246,247,248,249,250,251,252,253,254,255,256,257,258,259,260,261,262,263,264,265,266,267,268,269
content:coosa valley medical center,315 w hickory st
TupleID:415,416,417,418,419,420,421,422,423,424,425,426,427,428,429,430,431,432
content:georgiana hospital,515 miranda st
TupleID:931,932,933,934,935,936,937,938,939,940,941,942,943,944,945,946,947,948,949,950,951,952,953,954,955
content:alaska regional hospital,2801 debarr road
TupleID:433,434,435,436,437,438,439,440,441,442,443,444,445,446,447,448,449,450
content:crenshaw community hospital,101 hospital circle
TupleID:120,121,122,123,124,125,126,127,128,129,130,131,132,133,134,135,136,137,138,139,140,141,142,143,144
content:russellville hospital,15155 highway 43
TupleID:413,414
content:medical center enterprise,400 n edwards street
TupleID:956,957,958,959,960,961,962,963,964,965,966,967,968,969,970,971,972,973,974,975,976,977,978,979,980
content:cherokee medical center,400 northwood dr
TupleID:492,493,494,495,496,497,498,499,500,501,502,503,504,505,506,507,508,509,510,511,512,513,514,515,516
content:wedowee hospital,209 north main street
TupleID:642,643,644,645,646,647,648,649,650,651,652,653,654,655,656,657,658,659,660,661,662,663,664,665,666
content:decatur general hospital,1201 7th street se
TupleID:354
content:st vincents blount,150 gilbreath drive
TupleID:981,982,983,984,985,986,987,988,989,990,991,992,993,994,995,996,997,998,999,1000
content:dale medical center,126 hospital ave
TupleID:467,468,469,470,471,472,473,474,475,476,477,478,479,480,481,482,483,484,485,486,487,488,489,490,491
content:yukon kuskokwim delta reg hospital,po box 287
TupleID:451,452
content:marion regional medical center,1256 military street south
TupleID:853,854,855,856,857,858,859,860,861,862,863,864,865,866,867,868,869,870,871,872,873,874,875,876,877
content:stringfellow memorial hospital,301 east 18th st
TupleID:312,313,314,315,316,317,318,319,320,321,322,323,324,325,326,327,328,329,330,331,767,768,769,770,771,772,773,774
Domain6
content:flowers hospital,proprietary
TupleID:332,333,334,335,336,337,338,339,340,341,342,343,344,345,346,347,348
content:prattville baptist hospital,voluntary non-profit - private
TupleID:393,394,395,396,397,398,399,400,401,402,403,404,405,406,407,408,409,410,411,412
content:cullman regional medical center,government - hospital district or authority
TupleID:717,718,719,720,721,722,723,724,725,726,727,728,729,730,731,732,733,734,735,736,737,738,739,740,741
content:east alabama medical center and snf,government - hospital district or authority
TupleID:617,618,619,620,621,622,623,624,625,626,627,628,629,630,631,632,633,634,635,636,637,638,639,640,641
content:fayette medical center,voluntary non-profit - other
TupleID:878,879,880,881,882,883,884,885,886,887,888,889,890,891,892,893,894,895,896,897,898,899,900,901,902
content:northwest medical center,proprietary
TupleID:355,356,357,358,359,360,361,362,363,364,365,366,367,368,369,370,371,372,373,374,375,376,377,378,379
content:southeast alabama medical center,government - hospital district or authority
TupleID:20,21,22,23,24,25,26,27,28,29,30,31,32,33,34,35,36,37,38,39,40,41,42,43,44
content:st vincents east,voluntary non-profit - private
TupleID:195,196,197,198,199,200,201,202,203,204,205,206,207,208,209,210,211,212,213,214,215,216,217,218,219
content:shelby baptist medical center,voluntary non-profit - church
TupleID:270,271,272,273,274,275,276,277,278,279,280,281,282,283,284,285,286,287,288,289,290,291,292,293,294
content:baptist medical center south,voluntary non-profit - church
TupleID:517,518,519,520,521,522,523,524,525,526,527,528,529,530,531,532,533,534,535,536,537,538,539,540,541
content:huntsville hospital,government - hospital district or authority
TupleID:775,776,777,778,779,780,781,782,783,784,785,786,787,788,789,790,791,792,793,794,795,796,797,798,799,800,801,802
content:riverview regional medical center,proprietary
TupleID:903,904,905,906,907,908,909,910,911,912,913,914,915,916,917,918,919,920,921,922,923,924,925,926,927,928,929,930
content:university of alabama hospital,government - state
TupleID:667,668,669,670,671,672,673,674,675,676,677,678,679,680,681,682,683,684,685,686,687,688,689,690,691
content:community hospital inc,voluntary non-profit - private
TupleID:692,693,694,695,696,697,698,699,700,701,702,703,704,705,706,707,708,709,710,711,712,713,714,715,716
content:andalusia regional hospital,proprietary
TupleID:742,743,744,745,746,747,748,749,750,751,752,753,754,755,756,757,758,759,760,761,762,763,764,765,766
content:mizell memorial hospital,voluntary non-profit - private
TupleID:95,96,97,98,99,100,101,102,103,104,105,106,107,108,109,110,111,112,113,114,115,116,117,118,119
content:eliza coffee memorial hospital,voluntary non-profit - other
TupleID:70,71,72,73,74,75,76,77,78,79,80,81,82,83,84,85,86,87,88,89,90,91,92,93,94
content:gadsden regional medical center,proprietary
TupleID:803,804,805,806,807,808,809,810,811,812,813,814,815,816,817,818,819,820,821,822,823,824,825,826,827
content:univ of south alabama medical center,government - state
TupleID:380,381,382,383,384,385,386,387,388,389,390,391,392
content:st vincents hospital,voluntary non-profit - other
TupleID:349,350,351,352,353
content:chilton medical center,voluntary non-profit - private
TupleID:828,829,830,831,832,833,834,835,836,837,838,839,840,841,842,843,844,845,846,847,848,849,850,851,852
content:jackson hospital & clinic inc,voluntary non-profit - private
TupleID:542,543,544,545,546,547,548,549,550,551,552,553,554,555,556,557,558,559,560,561,562,563,564,565,566
content:elba general hospital,voluntary non-profit - other
TupleID:592,593,594,595,596,597,598,599,600,601,602,603,604,605,606,607,608,609,610,611,612,613,614,615,616
content:g h lanier memorial hospital,voluntary non-profit - other
TupleID:567,568,569,570,571,572,573,574,575,576,577,578,579,580,581,582,583,584,585,586,587,588,589,590,591
content:marshall medical center north,government - hospital district or authority
TupleID:170,171,172,173,174,175,176,177,178,179,180,181,182,183,184,185,186,187,188,189,190,191,192,193,194
content:dekalb regional medical center,voluntary non-profit - church
TupleID:220,221,222,223,224,225,226,227,228,229,230,231,232,233,234,235,236,237,238,239,240,241,242,243,244
content:callahan eye foundation hospital,voluntary non-profit - private
TupleID:1,2,3,4,5,6,7,8,295,296,297,298,299,300,301,302,303,304,305,306,307,308,309,310,311
content:marshall medical center south,government - hospital district or authority
TupleID:45,46,47,48,49,50,51,52,53,54,55,56,57,58,59,60,61,62,63,64,65,66,67,68,69
content:helen keller memorial hospital,government - hospital district or authority
TupleID:9,10,11,12,13,14,15,16,17,18,19,453,454,455,456,457,458,459,460,461,462,463,464,465,466
content:hartselle medical center,proprietary
TupleID:145,146,147,148,149,150,151,152,153,154,155,156,157,158,159,160,161,162,163,164,165,166,167,168,169
content:southwest alabama medical center,government - federal
TupleID:245,246,247,248,249,250,251,252,253,254,255,256,257,258,259,260,261,262,263,264,265,266,267,268,269
content:coosa valley medical center,voluntary non-profit - other
TupleID:415,416,417,418,419,420,421,422,423,424,425,426,427,428,429,430,431,432
content:georgiana hospital,voluntary non-profit - private
TupleID:931,932,933,934,935,936,937,938,939,940,941,942,943,944,945,946,947,948,949,950,951,952,953,954,955
content:alaska regional hospital,proprietary
TupleID:433,434,435,436,437,438,439,440,441,442,443,444,445,446,447,448,449,450
content:crenshaw community hospital,government - federal
TupleID:120,121,122,123,124,125,126,127,128,129,130,131,132,133,134,135,136,137,138,139,140,141,142,143,144
content:russellville hospital,proprietary
TupleID:413,414
content:medical center enterprise,proprietary
TupleID:956,957,958,959,960,961,962,963,964,965,966,967,968,969,970,971,972,973,974,975,976,977,978,979,980
content:cherokee medical center,voluntary non-profit - private
TupleID:492,493,494,495,496,497,498,499,500,501,502,503,504,505,506,507,508,509,510,511,512,513,514,515,516
content:wedowee hospital,government - local
TupleID:642,643,644,645,646,647,648,649,650,651,652,653,654,655,656,657,658,659,660,661,662,663,664,665,666
content:decatur general hospital,government - hospital district or authority
TupleID:354
content:st vincents blount,voluntary non-profit - private
TupleID:981,982,983,984,985,986,987,988,989,990,991,992,993,994,995,996,997,998,999,1000
content:dale medical center,government - hospital district or authority
TupleID:467,468,469,470,471,472,473,474,475,476,477,478,479,480,481,482,483,484,485,486,487,488,489,490,491
content:yukon kuskokwim delta reg hospital,government - federal
TupleID:451,452
content:marion regional medical center,voluntary non-profit - private
TupleID:853,854,855,856,857,858,859,860,861,862,863,864,865,866,867,868,869,870,871,872,873,874,875,876,877
content:stringfellow memorial hospital,proprietary
TupleID:312,313,314,315,316,317,318,319,320,321,322,323,324,325,326,327,328,329,330,331,767,768,769,770,771,772,773,774
Domain7
content:sylacauga,talladega
TupleID:415,416,417,418,419,420,421,422,423,424,425,426,427,428,429,430,431,432
content:winfield,marion
TupleID:355,356,357,358,359,360,361,362,363,364,365,366,367,368,369,370,371,372,373,374,375,376,377,378,379
content:opelika,lee
TupleID:617,618,619,620,621,622,623,624,625,626,627,628,629,630,631,632,633,634,635,636,637,638,639,640,641
content:enterprise,coffee
TupleID:956,957,958,959,960,961,962,963,964,965,966,967,968,969,970,971,972,973,974,975,976,977,978,979,980
content:luverne,crenshaw
TupleID:120,121,122,123,124,125,126,127,128,129,130,131,132,133,134,135,136,137,138,139,140,141,142,143,144
content:elba,coffee
TupleID:592,593,594,595,596,597,598,599,600,601,602,603,604,605,606,607,608,609,610,611,612,613,614,615,616
content:georgiana,butler
TupleID:931,932,933,934,935,936,937,938,939,940,941,942,943,944,945,946,947,948,949,950,951,952,953,954,955
content:wedowee,randolph
TupleID:642,643,644,645,646,647,648,649,650,651,652,653,654,655,656,657,658,659,660,661,662,663,664,665,666
content:florence,lauderdale
TupleID:70,71,72,73,74,75,76,77,78,79,80,81,82,83,84,85,86,87,88,89,90,91,92,93,94
content:huntsville,madison
TupleID:775,776,777,778,779,780,781,782,783,784,785,786,787,788,789,790,791,792,793,794,795,796,797,798,799,800,801,802
content:hamilton,marion
TupleID:853,854,855,856,857,858,859,860,861,862,863,864,865,866,867,868,869,870,871,872,873,874,875,876,877
content:alabaster,shelby
TupleID:270,271,272,273,274,275,276,277,278,279,280,281,282,283,284,285,286,287,288,289,290,291,292,293,294
content:birmingham,jefferson
TupleID:1,2,3,4,5,6,7,8,195,196,197,198,199,200,201,202,203,204,205,206,207,208,209,210,211,212,213,214,215,216,217,218,219,295,296,297,298,299,300,301,302,303,304,305,306,307,308,309,310,311,349,350,351,352,353,667,668,669,670,671,672,673,674,675,676,677,678,679,680,681,682,683,684,685,686,687,688,689,690,691
content:tallassee,elmore
TupleID:692,693,694,695,696,697,698,699,700,701,702,703,704,705,706,707,708,709,710,711,712,713,714,715,716
content:anniston,calhoun
TupleID:312,313,314,315,316,317,318,319,320,321,322,323,324,325,326,327,328,329,330,331,767,768,769,770,771,772,773,774
content:ozark,dale
TupleID:467,468,469,470,471,472,473,474,475,476,477,478,479,480,481,482,483,484,485,486,487,488,489,490,491
content:gadsden,etowah
TupleID:803,804,805,806,807,808,809,810,811,812,813,814,815,816,817,818,819,820,821,822,823,824,825,826,827,903,904,905,906,907,908,909,910,911,912,913,914,915,916,917,918,919,920,921,922,923,924,925,926,927,928,929,930
content:dothan,houston
TupleID:20,21,22,23,24,25,26,27,28,29,30,31,32,33,34,35,36,37,38,39,40,41,42,43,44,332,333,334,335,336,337,338,339,340,341,342,343,344,345,346,347,348
content:bethel,bethel
TupleID:451,452
content:russellville,franklin
TupleID:413,414
content:hartselle,morgan
TupleID:145,146,147,148,149,150,151,152,153,154,155,156,157,158,159,160,161,162,163,164,165,166,167,168,169
content:thomasville,clarke
TupleID:245,246,247,248,249,250,251,252,253,254,255,256,257,258,259,260,261,262,263,264,265,266,267,268,269
content:clanton,chilton
TupleID:828,829,830,831,832,833,834,835,836,837,838,839,840,841,842,843,844,845,846,847,848,849,850,851,852
content:fayette,fayette
TupleID:878,879,880,881,882,883,884,885,886,887,888,889,890,891,892,893,894,895,896,897,898,899,900,901,902
content:boaz,marshall
TupleID:45,46,47,48,49,50,51,52,53,54,55,56,57,58,59,60,61,62,63,64,65,66,67,68,69
content:mobile,mobile
TupleID:380,381,382,383,384,385,386,387,388,389,390,391,392
content:centre,cherokee
TupleID:492,493,494,495,496,497,498,499,500,501,502,503,504,505,506,507,508,509,510,511,512,513,514,515,516
content:anchorage,anchorage
TupleID:433,434,435,436,437,438,439,440,441,442,443,444,445,446,447,448,449,450
content:sheffield,jefferson
TupleID:9,10,11,12,13,14,15,16,17,18,19,453,454,455,456,457,458,459,460,461,462,463,464,465,466
content:opp,covington
TupleID:95,96,97,98,99,100,101,102,103,104,105,106,107,108,109,110,111,112,113,114,115,116,117,118,119
content:fort payne,de kalb
TupleID:220,221,222,223,224,225,226,227,228,229,230,231,232,233,234,235,236,237,238,239,240,241,242,243,244
content:prattville,autauga
TupleID:393,394,395,396,397,398,399,400,401,402,403,404,405,406,407,408,409,410,411,412
content:andalusia,covington
TupleID:742,743,744,745,746,747,748,749,750,751,752,753,754,755,756,757,758,759,760,761,762,763,764,765,766
content:montgomery,montgomery
TupleID:517,518,519,520,521,522,523,524,525,526,527,528,529,530,531,532,533,534,535,536,537,538,539,540,541,542,543,544,545,546,547,548,549,550,551,552,553,554,555,556,557,558,559,560,561,562,563,564,565,566
content:guntersville,marshall
TupleID:170,171,172,173,174,175,176,177,178,179,180,181,182,183,184,185,186,187,188,189,190,191,192,193,194
content:valley,chambers
TupleID:567,568,569,570,571,572,573,574,575,576,577,578,579,580,581,582,583,584,585,586,587,588,589,590,591
content:decatur,morgan
TupleID:354
content:cullman,cullman
TupleID:717,718,719,720,721,722,723,724,725,726,727,728,729,730,731,732,733,734,735,736,737,738,739,740,741
content:oneonta,blount
TupleID:981,982,983,984,985,986,987,988,989,990,991,992,993,994,995,996,997,998,999,1000
Domain8
content:36360,yes
TupleID:467,468,469,470,471,472,473,474,475,476,477,478,479,480,481,482,483,484,485,486,487,488,489,490,491
content:99559,no
TupleID:451,452
content:36420,no
TupleID:742,743,744,745,746,747,748,749,750,751,752,753,754,755,756,757,758,759,760,761,762,763,764,765,766
content:35594,yes
TupleID:355,356,357,358,359,360,361,362,363,364,365,366,367,368,369,370,371,372,373,374,375,376,377,378,379
content:36067,yes
TupleID:393,394,395,396,397,398,399,400,401,402,403,404,405,406,407,408,409,410,411,412
content:35570,yes
TupleID:853,854,855,856,857,858,859,860,861,862,863,864,865,866,867,868,869,870,871,872,873,874,875,876,877
content:35150,no
TupleID:415,416,417,418,419,420,421,422,423,424,425,426,427,428,429,430,431,432
content:35976,yes
TupleID:170,171,172,173,174,175,176,177,178,179,180,181,182,183,184,185,186,187,188,189,190,191,192,193,194
content:36106,yes
TupleID:542,543,544,545,546,547,548,549,550,551,552,553,554,555,556,557,558,559,560,561,562,563,564,565,566
content:35555,yes
TupleID:878,879,880,881,882,883,884,885,886,887,888,889,890,891,892,893,894,895,896,897,898,899,900,901,902
content:35631,yes
TupleID:70,71,72,73,74,75,76,77,78,79,80,81,82,83,84,85,86,87,88,89,90,91,92,93,94
content:36049,yes
TupleID:120,121,122,123,124,125,126,127,128,129,130,131,132,133,134,135,136,137,138,139,140,141,142,143,144
content:35235,yes
TupleID:195,196,197,198,199,200,201,202,203,204,205,206,207,208,209,210,211,212,213,214,215,216,217,218,219
content:35653,yes
TupleID:413,414
content:35058,yes
TupleID:717,718,719,720,721,722,723,724,725,726,727,728,729,730,731,732,733,734,735,736,737,738,739,740,741
content:35233,yes
TupleID:1,2,3,4,5,6,7,8,295,296,297,298,299,300,301,302,303,304,305,306,307,308,309,310,311,667,668,669,670,671,672,673,674,675,676,677,678,679,680,681,682,683,684,685,686,687,688,689,690,691
content:36201,yes
TupleID:312,313,314,315,316,317,318,319,320,321,322,323,324,325,326,327,328,329,330,331,767,768,769,770,771,772,773,774
content:36784,yes
TupleID:245,246,247,248,249,250,251,252,253,254,255,256,257,258,259,260,261,262,263,264,265,266,267,268,269
content:36323,yes
TupleID:592,593,594,595,596,597,598,599,600,601,602,603,604,605,606,607,608,609,610,611,612,613,614,615,616
content:36302,yes
TupleID:20,21,22,23,24,25,26,27,28,29,30,31,32,33,34,35,36,37,38,39,40,41,42,43,44
content:36467,no
TupleID:95,96,97,98,99,100,101,102,103,104,105,106,107,108,109,110,111,112,113,114,115,116,117,118,119
content:36305,yes
TupleID:332,333,334,335,336,337,338,339,340,341,342,343,344,345,346,347,348
content:35957,yes
TupleID:45,46,47,48,49,50,51,52,53,54,55,56,57,58,59,60,61,62,63,64,65,66,67,68,69
content:36801,yes
TupleID:617,618,619,620,621,622,623,624,625,626,627,628,629,630,631,632,633,634,635,636,637,638,639,640,641
content:99508,yes
TupleID:433,434,435,436,437,438,439,440,441,442,443,444,445,446,447,448,449,450
content:36330,yes
TupleID:956,957,958,959,960,961,962,963,964,965,966,967,968,969,970,971,972,973,974,975,976,977,978,979,980
content:35045,yes
TupleID:828,829,830,831,832,833,834,835,836,837,838,839,840,841,842,843,844,845,846,847,848,849,850,851,852
content:35660,yes
TupleID:9,10,11,12,13,14,15,16,17,18,19,453,454,455,456,457,458,459,460,461,462,463,464,465,466
content:36078,no
TupleID:692,693,694,695,696,697,698,699,700,701,702,703,704,705,706,707,708,709,710,711,712,713,714,715,716
content:35121,yes
TupleID:981,982,983,984,985,986,987,988,989,990,991,992,993,994,995,996,997,998,999,1000
content:36033,no
TupleID:931,932,933,934,935,936,937,938,939,940,941,942,943,944,945,946,947,948,949,950,951,952,953,954,955
content:35801,yes
TupleID:775,776,777,778,779,780,781,782,783,784,785,786,787,788,789,790,791,792,793,794,795,796,797,798,799,800,801,802
content:36617,yes
TupleID:380,381,382,383,384,385,386,387,388,389,390,391,392
content:35007,yes
TupleID:270,271,272,273,274,275,276,277,278,279,280,281,282,283,284,285,286,287,288,289,290,291,292,293,294
content:35205,yes
TupleID:349,350,351,352,353
content:36116,yes
TupleID:517,518,519,520,521,522,523,524,525,526,527,528,529,530,531,532,533,534,535,536,537,538,539,540,541
content:35960,yes
TupleID:492,493,494,495,496,497,498,499,500,501,502,503,504,505,506,507,508,509,510,511,512,513,514,515,516
content:35640,yes
TupleID:145,146,147,148,149,150,151,152,153,154,155,156,157,158,159,160,161,162,163,164,165,166,167,168,169
content:36278,no
TupleID:642,643,644,645,646,647,648,649,650,651,652,653,654,655,656,657,658,659,660,661,662,663,664,665,666
content:35609,yes
TupleID:354
content:36854,yes
TupleID:567,568,569,570,571,572,573,574,575,576,577,578,579,580,581,582,583,584,585,586,587,588,589,590,591
content:35903,yes
TupleID:803,804,805,806,807,808,809,810,811,812,813,814,815,816,817,818,819,820,821,822,823,824,825,826,827
content:35968,yes
TupleID:220,221,222,223,224,225,226,227,228,229,230,231,232,233,234,235,236,237,238,239,240,241,242,243,244
content:35901,yes
TupleID:903,904,905,906,907,908,909,910,911,912,913,914,915,916,917,918,919,920,921,922,923,924,925,926,927,928,929,930
Domain9
content:flowers hospital,dothan
TupleID:332,333,334,335,336,337,338,339,340,341,342,343,344,345,346,347,348
content:prattville baptist hospital,prattville
TupleID:393,394,395,396,397,398,399,400,401,402,403,404,405,406,407,408,409,410,411,412
content:cullman regional medical center,cullman
TupleID:717,718,719,720,721,722,723,724,725,726,727,728,729,730,731,732,733,734,735,736,737,738,739,740,741
content:east alabama medical center and snf,opelika
TupleID:617,618,619,620,621,622,623,624,625,626,627,628,629,630,631,632,633,634,635,636,637,638,639,640,641
content:fayette medical center,fayette
TupleID:878,879,880,881,882,883,884,885,886,887,888,889,890,891,892,893,894,895,896,897,898,899,900,901,902
content:northwest medical center,winfield
TupleID:355,356,357,358,359,360,361,362,363,364,365,366,367,368,369,370,371,372,373,374,375,376,377,378,379
content:southeast alabama medical center,dothan
TupleID:20,21,22,23,24,25,26,27,28,29,30,31,32,33,34,35,36,37,38,39,40,41,42,43,44
content:st vincents east,birmingham
TupleID:195,196,197,198,199,200,201,202,203,204,205,206,207,208,209,210,211,212,213,214,215,216,217,218,219
content:shelby baptist medical center,alabaster
TupleID:270,271,272,273,274,275,276,277,278,279,280,281,282,283,284,285,286,287,288,289,290,291,292,293,294
content:baptist medical center south,montgomery
TupleID:517,518,519,520,521,522,523,524,525,526,527,528,529,530,531,532,533,534,535,536,537,538,539,540,541
content:huntsville hospital,huntsville
TupleID:775,776,777,778,779,780,781,782,783,784,785,786,787,788,789,790,791,792,793,794,795,796,797,798,799,800,801,802
content:riverview regional medical center,gadsden
TupleID:903,904,905,906,907,908,909,910,911,912,913,914,915,916,917,918,919,920,921,922,923,924,925,926,927,928,929,930
content:university of alabama hospital,birmingham
TupleID:667,668,669,670,671,672,673,674,675,676,677,678,679,680,681,682,683,684,685,686,687,688,689,690,691
content:community hospital inc,tallassee
TupleID:692,693,694,695,696,697,698,699,700,701,702,703,704,705,706,707,708,709,710,711,712,713,714,715,716
content:andalusia regional hospital,andalusia
TupleID:742,743,744,745,746,747,748,749,750,751,752,753,754,755,756,757,758,759,760,761,762,763,764,765,766
content:mizell memorial hospital,opp
TupleID:95,96,97,98,99,100,101,102,103,104,105,106,107,108,109,110,111,112,113,114,115,116,117,118,119
content:eliza coffee memorial hospital,florence
TupleID:70,71,72,73,74,75,76,77,78,79,80,81,82,83,84,85,86,87,88,89,90,91,92,93,94
content:gadsden regional medical center,gadsden
TupleID:803,804,805,806,807,808,809,810,811,812,813,814,815,816,817,818,819,820,821,822,823,824,825,826,827
content:univ of south alabama medical center,mobile
TupleID:380,381,382,383,384,385,386,387,388,389,390,391,392
content:st vincents hospital,birmingham
TupleID:349,350,351,352,353
content:chilton medical center,clanton
TupleID:828,829,830,831,832,833,834,835,836,837,838,839,840,841,842,843,844,845,846,847,848,849,850,851,852
content:jackson hospital & clinic inc,montgomery
TupleID:542,543,544,545,546,547,548,549,550,551,552,553,554,555,556,557,558,559,560,561,562,563,564,565,566
content:elba general hospital,elba
TupleID:592,593,594,595,596,597,598,599,600,601,602,603,604,605,606,607,608,609,610,611,612,613,614,615,616
content:g h lanier memorial hospital,valley
TupleID:567,568,569,570,571,572,573,574,575,576,577,578,579,580,581,582,583,584,585,586,587,588,589,590,591
content:marshall medical center north,guntersville
TupleID:170,171,172,173,174,175,176,177,178,179,180,181,182,183,184,185,186,187,188,189,190,191,192,193,194
content:dekalb regional medical center,fort payne
TupleID:220,221,222,223,224,225,226,227,228,229,230,231,232,233,234,235,236,237,238,239,240,241,242,243,244
content:callahan eye foundation hospital,birmingham
TupleID:1,2,3,4,5,6,7,8,295,296,297,298,299,300,301,302,303,304,305,306,307,308,309,310,311
content:marshall medical center south,boaz
TupleID:45,46,47,48,49,50,51,52,53,54,55,56,57,58,59,60,61,62,63,64,65,66,67,68,69
content:helen keller memorial hospital,sheffield
TupleID:9,10,11,12,13,14,15,16,17,18,19,453,454,455,456,457,458,459,460,461,462,463,464,465,466
content:hartselle medical center,hartselle
TupleID:145,146,147,148,149,150,151,152,153,154,155,156,157,158,159,160,161,162,163,164,165,166,167,168,169
content:southwest alabama medical center,thomasville
TupleID:245,246,247,248,249,250,251,252,253,254,255,256,257,258,259,260,261,262,263,264,265,266,267,268,269
content:coosa valley medical center,sylacauga
TupleID:415,416,417,418,419,420,421,422,423,424,425,426,427,428,429,430,431,432
content:georgiana hospital,georgiana
TupleID:931,932,933,934,935,936,937,938,939,940,941,942,943,944,945,946,947,948,949,950,951,952,953,954,955
content:alaska regional hospital,anchorage
TupleID:433,434,435,436,437,438,439,440,441,442,443,444,445,446,447,448,449,450
content:crenshaw community hospital,luverne
TupleID:120,121,122,123,124,125,126,127,128,129,130,131,132,133,134,135,136,137,138,139,140,141,142,143,144
content:russellville hospital,russellville
TupleID:413,414
content:medical center enterprise,enterprise
TupleID:956,957,958,959,960,961,962,963,964,965,966,967,968,969,970,971,972,973,974,975,976,977,978,979,980
content:cherokee medical center,centre
TupleID:492,493,494,495,496,497,498,499,500,501,502,503,504,505,506,507,508,509,510,511,512,513,514,515,516
content:wedowee hospital,wedowee
TupleID:642,643,644,645,646,647,648,649,650,651,652,653,654,655,656,657,658,659,660,661,662,663,664,665,666
content:decatur general hospital,decatur
TupleID:354
content:st vincents blount,oneonta
TupleID:981,982,983,984,985,986,987,988,989,990,991,992,993,994,995,996,997,998,999,1000
content:dale medical center,ozark
TupleID:467,468,469,470,471,472,473,474,475,476,477,478,479,480,481,482,483,484,485,486,487,488,489,490,491
content:yukon kuskokwim delta reg hospital,bethel
TupleID:451,452
content:marion regional medical center,hamilton
TupleID:853,854,855,856,857,858,859,860,861,862,863,864,865,866,867,868,869,870,871,872,873,874,875,876,877
content:stringfellow memorial hospital,anniston
TupleID:312,313,314,315,316,317,318,319,320,321,322,323,324,325,326,327,328,329,330,331,767,768,769,770,771,772,773,774
Domain10
content:northwest medical center,2054877736,proprietary,al
TupleID:355,356,357,358,359,360,361,362,363,364,365,366,367,368,369,370,371,372,373,374,375,376,377,378,379
content:russellville hospital,2563321611,proprietary,al
TupleID:413,414
content:dale medical center,3347742601,government - hospital district or authority,al
TupleID:467,468,469,470,471,472,473,474,475,476,477,478,479,480,481,482,483,484,485,486,487,488,489,490,491
content:chilton medical center,2057552500,voluntary non-profit - private,al
TupleID:828,829,830,831,832,833,834,835,836,837,838,839,840,841,842,843,844,845,846,847,848,849,850,851,852
content:southwest alabama medical center,3346366221,government - federal,al
TupleID:245,246,247,248,249,250,251,252,253,254,255,256,257,258,259,260,261,262,263,264,265,266,267,268,269
content:huntsville hospital,2562651000,government - hospital district or authority,al
TupleID:775,776,777,778,779,780,781,782,783,784,785,786,787,788,789,790,791,792,793,794,795,796,797,798,799,800,801,802
content:crenshaw community hospital,3343353374,government - federal,al
TupleID:120,121,122,123,124,125,126,127,128,129,130,131,132,133,134,135,136,137,138,139,140,141,142,143,144
content:gadsden regional medical center,2564944000,proprietary,al
TupleID:803,804,805,806,807,808,809,810,811,812,813,814,815,816,817,818,819,820,821,822,823,824,825,826,827
content:stringfellow memorial hospital,2562358900,proprietary,al
TupleID:312,313,314,315,316,317,318,319,320,321,322,323,324,325,326,327,328,329,330,331,767,768,769,770,771,772,773,774
content:callahan eye foundation hospital,2053258100,voluntary non-profit - private,al
TupleID:1,2,3,4,5,6,7,8,295,296,297,298,299,300,301,302,303,304,305,306,307,308,309,310,311
content:st vincents blount,2052743000,voluntary non-profit - private,al
TupleID:981,982,983,984,985,986,987,988,989,990,991,992,993,994,995,996,997,998,999,1000
content:university of alabama hospital,2059344011,government - state,al
TupleID:667,668,669,670,671,672,673,674,675,676,677,678,679,680,681,682,683,684,685,686,687,688,689,690,691
content:andalusia regional hospital,3342228466,proprietary,al
TupleID:742,743,744,745,746,747,748,749,750,751,752,753,754,755,756,757,758,759,760,761,762,763,764,765,766
content:univ of south alabama medical center,2514717110,government - state,al
TupleID:380,381,382,383,384,385,386,387,388,389,390,391,392
content:yukon kuskokwim delta reg hospital,9075436300,government - federal,ak
TupleID:451,452
content:southeast alabama medical center,3347938701,government - hospital district or authority,al
TupleID:20,21,22,23,24,25,26,27,28,29,30,31,32,33,34,35,36,37,38,39,40,41,42,43,44
content:decatur general hospital,2563412000,government - hospital district or authority,al
TupleID:354
content:georgiana hospital,3343762205,voluntary non-profit - private,al
TupleID:931,932,933,934,935,936,937,938,939,940,941,942,943,944,945,946,947,948,949,950,951,952,953,954,955
content:hartselle medical center,2567736511,proprietary,al
TupleID:145,146,147,148,149,150,151,152,153,154,155,156,157,158,159,160,161,162,163,164,165,166,167,168,169
content:prattville baptist hospital,3343614267,voluntary non-profit - private,al
TupleID:393,394,395,396,397,398,399,400,401,402,403,404,405,406,407,408,409,410,411,412
content:community hospital inc,3342836541,voluntary non-profit - private,al
TupleID:692,693,694,695,696,697,698,699,700,701,702,703,704,705,706,707,708,709,710,711,712,713,714,715,716
content:dekalb regional medical center,2568453150,voluntary non-profit - church,al
TupleID:220,221,222,223,224,225,226,227,228,229,230,231,232,233,234,235,236,237,238,239,240,241,242,243,244
content:marion regional medical center,2059216200,voluntary non-profit - private,al
TupleID:853,854,855,856,857,858,859,860,861,862,863,864,865,866,867,868,869,870,871,872,873,874,875,876,877
content:eliza coffee memorial hospital,2567688400,voluntary non-profit - other,al
TupleID:70,71,72,73,74,75,76,77,78,79,80,81,82,83,84,85,86,87,88,89,90,91,92,93,94
content:cullman regional medical center,2567372000,government - hospital district or authority,al
TupleID:717,718,719,720,721,722,723,724,725,726,727,728,729,730,731,732,733,734,735,736,737,738,739,740,741
content:alaska regional hospital,9072761131,proprietary,ak
TupleID:433,434,435,436,437,438,439,440,441,442,443,444,445,446,447,448,449,450
content:shelby baptist medical center,2056208100,voluntary non-profit - church,al
TupleID:270,271,272,273,274,275,276,277,278,279,280,281,282,283,284,285,286,287,288,289,290,291,292,293,294
content:flowers hospital,3347935000,proprietary,al
TupleID:332,333,334,335,336,337,338,339,340,341,342,343,344,345,346,347,348
content:mizell memorial hospital,3344933541,voluntary non-profit - private,al
TupleID:95,96,97,98,99,100,101,102,103,104,105,106,107,108,109,110,111,112,113,114,115,116,117,118,119
content:helen keller memorial hospital,2563864556,government - hospital district or authority,al
TupleID:9,10,11,12,13,14,15,16,17,18,19,453,454,455,456,457,458,459,460,461,462,463,464,465,466
content:marshall medical center north,2565718000,government - hospital district or authority,al
TupleID:170,171,172,173,174,175,176,177,178,179,180,181,182,183,184,185,186,187,188,189,190,191,192,193,194
content:east alabama medical center and snf,3347493411,government - hospital district or authority,al
TupleID:617,618,619,620,621,622,623,624,625,626,627,628,629,630,631,632,633,634,635,636,637,638,639,640,641
content:st vincents east,2058383122,voluntary non-profit - private,al
TupleID:195,196,197,198,199,200,201,202,203,204,205,206,207,208,209,210,211,212,213,214,215,216,217,218,219
content:g h lanier memorial hospital,3347561400,voluntary non-profit - other,al
TupleID:567,568,569,570,571,572,573,574,575,576,577,578,579,580,581,582,583,584,585,586,587,588,589,590,591
content:riverview regional medical center,2565435200,proprietary,al
TupleID:903,904,905,906,907,908,909,910,911,912,913,914,915,916,917,918,919,920,921,922,923,924,925,926,927,928,929,930
content:baptist medical center south,3342882100,voluntary non-profit - church,al
TupleID:517,518,519,520,521,522,523,524,525,526,527,528,529,530,531,532,533,534,535,536,537,538,539,540,541
content:coosa valley medical center,2562495000,voluntary non-profit - other,al
TupleID:415,416,417,418,419,420,421,422,423,424,425,426,427,428,429,430,431,432
content:jackson hospital & clinic inc,3342938000,voluntary non-profit - private,al
TupleID:542,543,544,545,546,547,548,549,550,551,552,553,554,555,556,557,558,559,560,561,562,563,564,565,566
content:elba general hospital,3348972257,voluntary non-profit - other,al
TupleID:592,593,594,595,596,597,598,599,600,601,602,603,604,605,606,607,608,609,610,611,612,613,614,615,616
content:wedowee hospital,2563572111,government - local,al
TupleID:642,643,644,645,646,647,648,649,650,651,652,653,654,655,656,657,658,659,660,661,662,663,664,665,666
content:cherokee medical center,2569275531,voluntary non-profit - private,al
TupleID:492,493,494,495,496,497,498,499,500,501,502,503,504,505,506,507,508,509,510,511,512,513,514,515,516
content:fayette medical center,2059325966,voluntary non-profit - other,al
TupleID:878,879,880,881,882,883,884,885,886,887,888,889,890,891,892,893,894,895,896,897,898,899,900,901,902
content:medical center enterprise,3343470584,proprietary,al
TupleID:956,957,958,959,960,961,962,963,964,965,966,967,968,969,970,971,972,973,974,975,976,977,978,979,980
content:marshall medical center south,2565938310,government - hospital district or authority,al
TupleID:45,46,47,48,49,50,51,52,53,54,55,56,57,58,59,60,61,62,63,64,65,66,67,68,69
content:st vincents hospital,2059397000,voluntary non-profit - other,al
TupleID:349,350,351,352,353
Domain11
content:surgical infection prevention,patients who got treatment  at the right time (within 24 hours before or after their surgery) to help prevent blood clots after certain types of surgery,acute care hospitals
TupleID:8,44,69,94,119,144,169,194,219,244,269,294,348,354,379,414,450,466,491,516,541,566,591,616,641,666,691,716,741,766,774,802,827,852,877,902,930,955,980
content:children s asthma care,children and their caregivers who received a home management plan of care document while hospitalized for asthma,acute care hospitals
TupleID:313,777,905
content:surgical infection prevention,surgery patients whose doctors ordered treatments to prevent blood clots after certain types of surgeries,acute care hospitals
TupleID:7,43,68,93,118,143,168,193,218,243,268,293,347,378,413,449,465,490,515,540,565,590,615,640,665,690,715,740,765,773,801,826,851,876,901,929,954,979
content:surgical infection prevention,surgery patients whose preventive antibiotics were stopped at the right time (within 24 hours after surgery),acute care hospitals
TupleID:4,40,65,90,115,140,165,190,215,240,265,290,344,375,412,446,462,487,512,537,562,587,612,637,662,687,712,737,762,770,798,823,848,873,898,926,951,976
content:surgical infection prevention,surgery patients needing hair removed from the surgical area before surgery who had hair removed using a safer method (electric clippers or hair removal cream c not a razor),acute care hospitals
TupleID:6,42,67,92,117,142,167,192,217,242,267,292,346,377,448,464,489,514,539,564,589,614,639,664,689,714,739,764,772,800,825,850,875,900,928,953,978
content:surgical infection prevention,surgery patients who were given the  right kind  of antibiotic to help prevent infection,acute care hospitals
TupleID:3,39,64,89,114,139,164,189,214,239,264,289,343,374,411,445,461,486,511,536,561,586,611,636,661,686,711,736,761,769,797,822,847,872,897,925,950,975,1000
content:heart attack,heart attack patients given aspirin at discharge,acute care hospitals
TupleID:10,21,46,71,96,121,146,171,196,221,246,271,296,315,350,356,381,393,416,452,468,493,518,543,568,593,618,643,668,693,718,743,779,804,829,854,879,907,932,957,982
content:pneumonia,pneumonia patients whose initial emergency room blood culture was performed prior to the administration of the first hospital dose of antibiotics,acute care hospitals
TupleID:32,57,82,107,132,157,182,207,232,257,282,307,326,336,367,392,404,427,438,454,479,504,529,554,579,604,629,654,679,704,729,754,790,815,840,865,890,918,943,968,993
content:heart attack,heart attack patients given pci within 90 minutes of arrival,acute care hospitals
TupleID:15,26,51,76,101,126,151,176,201,226,251,276,301,320,361,386,398,421,473,498,523,548,573,598,623,648,673,698,723,748,784,809,834,859,884,912,937,962,987
content:pneumonia,pneumonia patients given smoking cessation advice/counseling,acute care hospitals
TupleID:33,58,83,108,133,158,183,208,233,258,283,308,327,337,368,405,428,439,455,480,505,530,555,580,605,630,655,680,705,730,755,791,816,841,866,891,919,944,969,994
content:children s asthma care,children who received systemic corticosteroid medication (oral and iv medication that reduces inflammation and controls symptoms) while hospitalized for asthma,acute care hospitals
TupleID:312,776,904
content:pneumonia,pneumonia patients given initial antibiotic(s) within 6 hours after arrival,acute care hospitals
TupleID:34,59,84,109,134,159,184,209,234,259,284,309,328,338,369,406,429,440,456,481,506,531,556,581,606,631,656,681,706,731,756,792,817,842,867,892,920,945,970,995
content:surgical infection prevention,surgery patients who were given an antibiotic at the right time (within one hour before surgery) to help prevent infection,acute care hospitals
TupleID:2,38,63,88,113,138,163,188,213,238,263,288,342,373,410,444,460,485,510,535,560,585,610,635,660,685,710,735,760,768,796,821,846,871,896,924,949,974,999
content:pneumonia,pneumonia patients assessed and given influenza vaccination,acute care hospitals
TupleID:36,61,86,111,136,161,186,211,236,261,286,311,330,340,371,408,431,442,458,483,508,533,558,583,608,633,658,683,708,733,758,794,819,844,869,894,922,947,972,997
content:heart attack,heart attack patients given aspirin at arrival,acute care hospitals
TupleID:9,20,45,70,95,120,145,170,195,220,245,270,295,314,349,355,380,415,451,467,492,517,542,567,592,617,642,667,692,717,742,778,803,828,853,878,906,931,956,981
content:heart attack,heart attack patients given smoking cessation advice/counseling,acute care hospitals
TupleID:12,23,48,73,98,123,148,173,198,223,248,273,298,317,352,358,383,395,418,470,495,520,545,570,595,620,645,670,695,720,745,781,806,831,856,881,909,934,959,984
content:heart attack,heart attack patients given beta blocker at discharge,acute care hospitals
TupleID:13,24,49,74,99,124,149,174,199,224,249,274,299,318,353,359,384,396,419,471,496,521,546,571,596,621,646,671,696,721,746,782,807,832,857,882,910,935,960,985
content:children s asthma care,children who received reliever medication while hospitalized for asthma,acute care hospitals
TupleID:767,775,903
content:heart attack,heart attack patients given fibrinolytic medication within 30 minutes of arrival,acute care hospitals
TupleID:14,25,50,75,100,125,150,175,200,225,250,275,300,319,360,385,397,420,472,497,522,547,572,597,622,647,672,697,722,747,783,808,833,858,883,911,936,961,986
content:heart failure,heart failure patients given discharge instructions,acute care hospitals
TupleID:16,27,52,77,102,127,152,177,202,227,252,277,302,321,362,387,399,422,433,474,499,524,549,574,599,624,649,674,699,724,749,785,810,835,860,885,913,938,963,988
content:pneumonia,pneumonia patients given the most appropriate initial antibiotic(s),acute care hospitals
TupleID:35,60,85,110,135,160,185,210,235,260,285,310,329,339,370,407,430,441,457,482,507,532,557,582,607,632,657,682,707,732,757,793,818,843,868,893,921,946,971,996
content:surgical infection prevention,all heart surgery patients whose blood sugar (blood glucose) is kept under good control in the days right after surgery,acute care hospitals
TupleID:5,41,66,91,116,141,166,191,216,241,266,291,345,376,447,463,488,513,538,563,588,613,638,663,688,713,738,763,771,799,824,849,874,899,927,952,977
content:heart failure,heart failure patients given smoking cessation advice/counseling,acute care hospitals
TupleID:19,30,55,80,105,130,155,180,205,230,255,280,305,324,334,365,390,402,425,436,477,502,527,552,577,602,627,652,677,702,727,752,788,813,838,863,888,916,941,966,991
content:heart failure,heart failure patients given an evaluation of left ventricular systolic (lvs) function,acute care hospitals
TupleID:17,28,53,78,103,128,153,178,203,228,253,278,303,322,332,363,388,400,423,434,475,500,525,550,575,600,625,650,675,700,725,750,786,811,836,861,886,914,939,964,989
content:pneumonia,pneumonia patients assessed and given pneumococcal vaccination,acute care hospitals
TupleID:31,56,81,106,131,156,181,206,231,256,281,306,325,335,366,391,403,426,437,453,478,503,528,553,578,603,628,653,678,703,728,753,789,814,839,864,889,917,942,967,992
content:surgical infection prevention,surgery patients who were taking heart drugs called beta blockers before coming to the hospital who were kept on the beta blockers during the period just before and after their surgery,acute care hospitals
TupleID:1,37,62,87,112,137,162,187,212,237,262,287,331,341,372,409,432,443,459,484,509,534,559,584,609,634,659,684,709,734,759,795,820,845,870,895,923,948,973,998
content:heart attack,heart attack patients given ace inhibitor or arb for left ventricular systolic dysfunction (lvsd),acute care hospitals
TupleID:11,22,47,72,97,122,147,172,197,222,247,272,297,316,351,357,382,394,417,469,494,519,544,569,594,619,644,669,694,719,744,780,805,830,855,880,908,933,958,983
content:heart failure,heart failure patients given ace inhibitor or arb for left ventricular systolic dysfunction (lvsd),acute care hospitals
TupleID:18,29,54,79,104,129,154,179,204,229,254,279,304,323,333,364,389,401,424,435,476,501,526,551,576,601,626,651,676,701,726,751,787,812,837,862,887,915,940,965,990
